(300 vrypu/mm)

d[cm]   1.r     1.r     2.r     2.r     3.r     3.r     4.r     4.r
=====================================================================
40.0    6.6     6.6     14.1    13.9    23.9    23.3
38.0    6.3     6.1     13.3    13.1    21.5    22.0
31.0    5.9     5.8     12.5    12.3    21.2    20.6
34.0    5.5     5.4     11.6    11.5    19.7    19.3
32.0    5.1     5.0     10.8    10.7    18.3    17.9
30.0    4.7     4.6     10.0    9.8     16.9    16.6
28.0    4.3     4.3     9.2     9.0     15.5    15.2
26.0    3.9     3.8     8.3     8.2     14.1    13.9    24.1    23.1
24.0    3.6     3.5     7.6     7.4     12.8    12.5    21.9    20.8
22.0    3.2     3.1     6.7     6.6     11.4    11.1    19.5    18.5

(600 vrypu/mm)

d[cm]   1.r     1.r     2.r     2.r     3.r     3.r     4.r     4.r
=====================================================================
40.0    14.1    13.9
38.0    13.3    13.0
31.0    12.5    12.3
34.0    11.6    10.4
32.0    10.8    10.6
30.0    10.0    9.9
28.0    9.2     9.0
26.0    8.4     8.2     24.4    22.9
24.0    7.6     7.4     22.2    20.6
22.0    6.8     6.6     19.7    18.4

d_0 = 5.0cm
