%% INTEG 5.0 AVG 100.0 SMOOTH 4
1032.386440	0.933341
1031.845090	0.943151
1031.303680	0.929174
1030.762230	0.927846
1030.220720	0.918008
1029.679150	0.948221
1029.137530	0.940165
1028.595860	0.937956
1028.054140	0.944561
1027.512360	0.938042
1026.970530	0.935578
1026.428650	0.939811
1025.886710	0.930094
1025.344720	0.939024
1024.802680	0.929131
1024.260580	0.934380
1023.718430	0.934077
1023.176230	0.951024
1022.633970	0.942728
1022.091660	0.938050
1021.549300	0.929485
1021.006890	0.937795
1020.464420	0.941119
1019.921900	0.933262
1019.379320	0.928803
1018.836700	0.938167
1018.294010	0.932072
1017.751280	0.942690
1017.208490	0.927559
1016.665660	0.931446
1016.122760	0.935704
1015.579820	0.932361
1015.036820	0.925428
1014.493770	0.940809
1013.950670	0.930916
1013.407510	0.938417
1012.864300	0.934726
1012.321040	0.926896
1011.777720	0.931415
1011.234360	0.931184
1010.690940	0.932364
1010.147460	0.936221
1009.603940	0.929329
1009.060360	0.944757
1008.516730	0.931910
1007.973040	0.936503
1007.429310	0.932917
1006.885520	0.942049
1006.341680	0.926657
1005.797780	0.927495
1005.253840	0.934670
1004.709840	0.933764
1004.165790	0.935500
1003.621680	0.921537
1003.077530	0.932268
1002.533320	0.939465
1001.989060	0.931905
1001.444740	0.923955
1000.900380	0.925574
1000.355960	0.932817
999.811490	0.934662
999.266970	0.946118
998.722390	0.937617
998.177760	0.946100
997.633080	0.943111
997.088350	0.942717
996.543570	0.935793
995.998730	0.929089
995.453840	0.936816
994.908900	0.932235
994.363910	0.924611
993.818860	0.936150
993.273760	0.929294
992.728610	0.937580
992.183410	0.932291
991.638160	0.927534
991.092850	0.939091
990.547500	0.939731
990.002090	0.942424
989.456630	0.944247
988.911110	0.939067
988.365550	0.939172
987.819930	0.942273
987.274260	0.942024
986.728540	0.944474
986.182770	0.934603
985.636940	0.944731
985.091060	0.936290
984.545140	0.934858
983.999160	0.934311
983.453120	0.932729
982.907040	0.935574
982.360900	0.945360
981.814720	0.946536
981.268480	0.945041
980.722190	0.940777
980.175840	0.939744
979.629450	0.931078
979.083000	0.939022
978.536510	0.943390
977.989960	0.933971
977.443360	0.946864
976.896710	0.932501
976.350000	0.932546
975.803250	0.937556
975.256440	0.936841
974.709580	0.936073
974.162670	0.931260
973.615710	0.943983
973.068700	0.936425
972.521640	0.940223
971.974520	0.925220
971.427360	0.942729
970.880140	0.936849
970.332870	0.935699
969.785550	0.938534
969.238180	0.939198
968.690760	0.938216
968.143280	0.944027
967.595760	0.937762
967.048180	0.938565
966.500550	0.932661
965.952870	0.936636
965.405140	0.934207
964.857360	0.940947
964.309530	0.939748
963.761650	0.941913
963.213710	0.935565
962.665730	0.937117
962.117690	0.941658
961.569610	0.940149
961.021470	0.932526
960.473280	0.943912
959.925040	0.941053
959.376750	0.929683
958.828400	0.931109
958.280010	0.934706
957.731570	0.935537
957.183070	0.938301
956.634530	0.933700
956.085930	0.930036
955.537280	0.939862
954.988580	0.937375
954.439840	0.935989
953.891040	0.933592
953.342190	0.938526
952.793290	0.941920
952.244330	0.941806
951.695330	0.936926
951.146280	0.938088
950.597170	0.942730
950.048020	0.935508
949.498820	0.938749
948.949560	0.939584
948.400250	0.939742
947.850900	0.930832
947.301490	0.936150
946.752030	0.933855
946.202530	0.932708
945.652970	0.934336
945.103360	0.929552
944.553700	0.934904
944.003990	0.936002
943.454230	0.939529
942.904420	0.934935
942.354560	0.933645
941.804650	0.942975
941.254690	0.935420
940.704670	0.940867
940.154610	0.930354
939.604500	0.936099
939.054340	0.938231
938.504120	0.939160
937.953860	0.938600
937.403550	0.934647
936.853190	0.933696
936.302770	0.942960
935.752310	0.942175
935.201790	0.934700
934.651230	0.938759
934.100620	0.936885
933.549950	0.934917
932.999240	0.934482
932.448480	0.937782
931.897660	0.939917
931.346800	0.940003
930.795880	0.931128
930.244920	0.936182
929.693910	0.933817
929.142840	0.937030
928.591730	0.937718
928.040570	0.935468
927.489350	0.936894
926.938090	0.930942
926.386780	0.937531
925.835420	0.938366
925.284010	0.938664
924.732540	0.931174
924.181030	0.935985
923.629470	0.934276
923.077860	0.939474
922.526200	0.939739
921.974490	0.941873
921.422730	0.936352
920.870920	0.936298
920.319060	0.937559
919.767150	0.942694
919.215190	0.938460
918.663190	0.947949
918.111130	0.941411
917.559020	0.938602
917.006870	0.936520
916.454660	0.937148
915.902400	0.941600
915.350100	0.936427
914.797750	0.939193
914.245340	0.939886
913.692890	0.939314
913.140390	0.942516
912.587840	0.935044
912.035240	0.938274
911.482590	0.932715
910.929890	0.936919
910.377140	0.935734
909.824340	0.938334
909.271490	0.934658
908.718600	0.941987
908.165650	0.938813
907.612660	0.943007
907.059620	0.937247
906.506520	0.941703
905.953380	0.936666
905.400190	0.939414
904.846950	0.935234
904.293660	0.934737
903.740320	0.931715
903.186940	0.935329
902.633500	0.941723
902.080020	0.935351
901.526480	0.934289
900.972900	0.933585
900.419270	0.933929
899.865590	0.934351
899.311860	0.933216
898.758080	0.939415
898.204250	0.940993
897.650380	0.939090
897.096450	0.940369
896.542480	0.939102
895.988460	0.937194
895.434390	0.932611
894.880270	0.935459
894.326100	0.936910
893.771880	0.936570
893.217620	0.936912
892.663300	0.939763
892.108940	0.937716
891.554530	0.935782
891.000070	0.937963
890.445560	0.938720
889.891000	0.933794
889.336400	0.938032
888.781740	0.934207
888.227040	0.937534
887.672290	0.934506
887.117490	0.936655
886.562640	0.933990
886.007740	0.938177
885.452800	0.940953
884.897810	0.931586
884.342770	0.932647
883.787680	0.935956
883.232540	0.934268
882.677350	0.939725
882.122120	0.934535
881.566830	0.936588
881.011500	0.937634
880.456120	0.935132
879.900690	0.931737
879.345220	0.932718
878.789700	0.931171
878.234120	0.938590
877.678500	0.934683
877.122830	0.935859
876.567120	0.928149
876.011350	0.930275
875.455540	0.929544
874.899680	0.935079
874.343770	0.931427
873.787820	0.933647
873.231810	0.934085
872.675760	0.931577
872.119660	0.933346
871.563510	0.935534
871.007310	0.936176
870.451070	0.938784
869.894780	0.933998
869.338440	0.935544
868.782050	0.935256
868.225610	0.931799
867.669130	0.933998
867.112600	0.936546
866.556020	0.937265
865.999390	0.938605
865.442720	0.938202
864.886000	0.936508
864.329230	0.939847
863.772410	0.941906
863.215550	0.937788
862.658630	0.939713
862.101670	0.933897
861.544670	0.936598
860.987610	0.934609
860.430510	0.935686
859.873360	0.932073
859.316160	0.934777
858.758920	0.934222
858.201620	0.933456
857.644280	0.937415
857.086900	0.936521
856.529460	0.933351
855.971980	0.933049
855.414450	0.937564
854.856870	0.931276
854.299250	0.935154
853.741580	0.938006
853.183860	0.933694
852.626090	0.934556
852.068280	0.934300
851.510420	0.932439
850.952510	0.936376
850.394550	0.934706
849.836550	0.938063
849.278500	0.932017
848.720410	0.933214
848.162260	0.938959
847.604070	0.937323
847.045830	0.932741
846.487550	0.937364
845.929220	0.936329
845.370840	0.933415
844.812410	0.935324
844.253940	0.931973
843.695420	0.933129
843.136850	0.930656
842.578240	0.937301
842.019580	0.938882
841.460870	0.937954
840.902120	0.939304
840.343310	0.934804
839.784470	0.936929
839.225570	0.940473
838.666630	0.937123
838.107640	0.937440
837.548610	0.937050
836.989520	0.936171
836.430390	0.935578
835.871220	0.939231
835.312000	0.935767
834.752730	0.936011
834.193410	0.937085
833.634050	0.939157
833.074640	0.936940
832.515190	0.930688
831.955680	0.945404
831.396140	0.935571
830.836540	0.938275
830.276900	0.934937
829.717210	0.935771
829.157480	0.930467
828.597700	0.932765
828.037870	0.939141
827.478000	0.938899
826.918080	0.943598
826.358110	0.937012
825.798100	0.934985
825.238040	0.938616
824.677930	0.937406
824.117780	0.932111
823.557580	0.938521
822.997340	0.938112
822.437050	0.931706
821.876710	0.933812
821.316330	0.930541
820.755900	0.940534
820.195420	0.935125
819.634900	0.933985
819.074330	0.931089
818.513720	0.929714
817.953060	0.936854
817.392350	0.934023
816.831600	0.933016
816.270800	0.934132
815.709960	0.932881
815.149070	0.932915
814.588130	0.937369
814.027150	0.938130
813.466120	0.935546
812.905050	0.936065
812.343930	0.937914
811.782770	0.937030
811.221550	0.933520
810.660300	0.938095
810.098990	0.934005
809.537650	0.927468
808.976250	0.932783
808.414810	0.934791
807.853320	0.929657
807.291790	0.927829
806.730210	0.934602
806.168590	0.933877
805.606920	0.932434
805.045210	0.930063
804.483450	0.931942
803.921640	0.933115
803.359790	0.931225
802.797890	0.935788
802.235950	0.931766
801.673960	0.935037
801.111930	0.929617
800.549850	0.931883
799.987720	0.931780
799.425550	0.933954
798.863340	0.933780
798.301080	0.932073
797.738770	0.935544
797.176420	0.933561
796.614020	0.935316
796.051580	0.939142
795.489090	0.935076
794.926560	0.935618
794.363980	0.936817
793.801350	0.933455
793.238690	0.933347
792.675970	0.936060
792.113210	0.933167
791.550410	0.934015
790.987560	0.933961
790.424660	0.934862
789.861720	0.932798
789.298740	0.931315
788.735710	0.933850
788.172630	0.931168
787.609510	0.932766
787.046340	0.934080
786.483130	0.937021
785.919880	0.935705
785.356580	0.933751
784.793230	0.930273
784.229840	0.934584
783.666410	0.932393
783.102920	0.933168
782.539400	0.936546
781.975830	0.931471
781.412210	0.935927
780.848550	0.929650
780.284850	0.936401
779.721100	0.934795
779.157310	0.936689
778.593470	0.932724
778.029580	0.933048
777.465650	0.933903
776.901680	0.939854
776.337660	0.931973
775.773600	0.934684
775.209490	0.935788
774.645340	0.933458
774.081140	0.931428
773.516900	0.930152
772.952620	0.934044
772.388290	0.930788
771.823910	0.928376
771.259490	0.929312
770.695030	0.933946
770.130520	0.930725
769.565970	0.933835
769.001370	0.928758
768.436730	0.933696
767.872040	0.937112
767.307310	0.935421
766.742540	0.936703
766.177720	0.938611
765.612860	0.935662
765.047950	0.934537
764.483000	0.933164
763.918000	0.936096
763.352960	0.933272
762.787880	0.933169
762.222750	0.934461
761.657570	0.933666
761.092360	0.934182
760.527090	0.931729
759.961790	0.930371
759.396440	0.930343
758.831050	0.934739
758.265610	0.934149
757.700130	0.933703
757.134600	0.931695
756.569030	0.934549
756.003420	0.934561
755.437760	0.932437
754.872060	0.933224
754.306310	0.934224
753.740520	0.932861
753.174690	0.934147
752.608810	0.936144
752.042890	0.933715
751.476920	0.930426
750.910910	0.929865
750.344860	0.933639
749.778760	0.931893
749.212620	0.930938
748.646440	0.929750
748.080210	0.933078
747.513940	0.931206
746.947620	0.931772
746.381260	0.935663
745.814860	0.931944
745.248410	0.932210
744.681920	0.935147
744.115390	0.932073
743.548810	0.933527
742.982190	0.934074
742.415530	0.930207
741.848820	0.935473
741.282070	0.935690
740.715270	0.930827
740.148430	0.932311
739.581550	0.934231
739.014630	0.936017
738.447660	0.937067
737.880650	0.936586
737.313590	0.931602
736.746490	0.932529
736.179350	0.932220
735.612160	0.933555
735.044940	0.931499
734.477660	0.932388
733.910350	0.932261
733.342990	0.932650
732.775590	0.933448
732.208140	0.934334
731.640650	0.933982
731.073120	0.931872
730.505550	0.934708
729.937930	0.933439
729.370270	0.931232
728.802570	0.931655
728.234820	0.930030
727.667030	0.929720
727.099200	0.932761
726.531320	0.932138
725.963400	0.932894
725.395440	0.933103
724.827440	0.933278
724.259390	0.933869
723.691300	0.935851
723.123160	0.934291
722.554990	0.934348
721.986770	0.934115
721.418500	0.931831
720.850200	0.930600
720.281850	0.934868
719.713460	0.934491
719.145030	0.937263
718.576550	0.934412
718.008030	0.935692
717.439470	0.934707
716.870870	0.934316
716.302220	0.933199
715.733530	0.933185
715.164800	0.929302
714.596020	0.935568
714.027200	0.930455
713.458340	0.932984
712.889440	0.932556
712.320500	0.932472
711.751510	0.931745
711.182480	0.932512
710.613410	0.933806
710.044290	0.935027
709.475130	0.934395
708.905930	0.931435
708.336690	0.933520
707.767410	0.932942
707.198080	0.932441
706.628710	0.931517
706.059300	0.933152
705.489840	0.931377
704.920350	0.933062
704.350810	0.932705
703.781230	0.933180
703.211600	0.930649
702.641940	0.931313
702.072230	0.933662
701.502480	0.935865
700.932690	0.933595
700.362850	0.931968
699.792980	0.933162
699.223060	0.931591
698.653100	0.931417
698.083100	0.933387
697.513050	0.930415
696.942960	0.932394
696.372840	0.931386
695.802660	0.929860
695.232450	0.931471
694.662200	0.933387
694.091900	0.931681
693.521560	0.932652
692.951180	0.931135
692.380760	0.929416
691.810300	0.930025
691.239790	0.932732
690.669240	0.931262
690.098650	0.932621
689.528020	0.932147
688.957350	0.932618
688.386630	0.931421
687.815880	0.930183
687.245080	0.931513
686.674240	0.930434
686.103360	0.934206
685.532430	0.929375
684.961470	0.930654
684.390460	0.930803
683.819420	0.931565
683.248330	0.934453
682.677190	0.932967
682.106020	0.930654
681.534810	0.933057
680.963550	0.932269
680.392250	0.933633
679.820920	0.930728
679.249540	0.932495
678.678110	0.933895
678.106650	0.931094
677.535150	0.933346
676.963600	0.930917
676.392010	0.932261
675.820390	0.932256
675.248720	0.931551
674.677010	0.929313
674.105250	0.930236
673.533460	0.932481
672.961630	0.932593
672.389750	0.932162
671.817830	0.931810
671.245870	0.932227
670.673870	0.929293
670.101830	0.933997
669.529750	0.931008
668.957630	0.929340
668.385470	0.932204
667.813260	0.929421
667.241020	0.930757
666.668730	0.929544
666.096400	0.927494
665.524030	0.928272
664.951620	0.932094
664.379170	0.931895
663.806680	0.930858
663.234150	0.930997
662.661570	0.933702
662.088960	0.930618
661.516300	0.930514
660.943610	0.932238
660.370870	0.931480
659.798090	0.931436
659.225270	0.931774
658.652410	0.930350
658.079510	0.931944
657.506570	0.932908
656.933590	0.931024
656.360570	0.930836
655.787510	0.932835
655.214400	0.933832
654.641260	0.931936
654.068080	0.932999
653.494850	0.932073
652.921580	0.934326
652.348280	0.930138
651.774930	0.932643
651.201540	0.931208
650.628120	0.930139
650.054650	0.931794
649.481140	0.932187
648.907590	0.931109
648.334000	0.931622
647.760370	0.931341
647.186700	0.931168
646.612990	0.928914
646.039240	0.928612
645.465450	0.930263
644.891620	0.928059
644.317740	0.931495
643.743830	0.930813
643.169880	0.929241
642.595890	0.931179
642.021850	0.929339
641.447780	0.929857
640.873670	0.929105
640.299510	0.927786
639.725320	0.929699
639.151090	0.930002
638.576810	0.932196
638.002500	0.927237
637.428150	0.928683
636.853750	0.928619
636.279320	0.926975
635.704840	0.926291
635.130330	0.930093
634.555780	0.926232
633.981180	0.929942
633.406550	0.930363
632.831880	0.926545
632.257160	0.928781
631.682410	0.928592
631.107620	0.930217
630.532780	0.929340
629.957910	0.929599
629.383000	0.927112
628.808040	0.929448
628.233050	0.930000
627.658020	0.928519
627.082950	0.927224
626.507840	0.928648
625.932690	0.930189
625.357500	0.926205
624.782270	0.929045
624.207000	0.928136
623.631690	0.928385
623.056340	0.927586
622.480950	0.930610
621.905520	0.927917
621.330050	0.929788
620.754550	0.926030
620.179000	0.926526
619.603410	0.928364
619.027790	0.929105
618.452120	0.928185
617.876420	0.928527
617.300680	0.926703
616.724890	0.928213
616.149070	0.929294
615.573210	0.927287
614.997310	0.926344
614.421370	0.930233
613.845390	0.927517
613.269370	0.929082
612.693310	0.926793
612.117210	0.929081
611.541080	0.928159
610.964900	0.927543
610.388690	0.928373
609.812430	0.924684
609.236140	0.927424
608.659810	0.929743
608.083430	0.927848
607.507020	0.927284
606.930570	0.926259
606.354090	0.926689
605.777560	0.925978
605.200990	0.928808
604.624390	0.928431
604.047740	0.929372
603.471060	0.927152
602.894340	0.928438
602.317580	0.925811
601.740780	0.926701
601.163940	0.927101
600.587060	0.928606
600.010140	0.929985
599.433190	0.928798
598.856190	0.926944
598.279160	0.926468
597.702090	0.926763
597.124980	0.927771
596.547830	0.926322
595.970640	0.929598
595.393420	0.924404
594.816150	0.927112
594.238850	0.926663
593.661500	0.927428
593.084120	0.926878
592.506700	0.929321
591.929250	0.927023
591.351750	0.925260
590.774210	0.926314
590.196640	0.925879
589.619030	0.926914
589.041380	0.927035
588.463690	0.925119
587.885960	0.924374
587.308200	0.925867
586.730390	0.925322
586.152550	0.924266
585.574670	0.927420
584.996750	0.928365
584.418790	0.928757
583.840800	0.926569
583.262760	0.923225
582.684690	0.924914
582.106580	0.926866
581.528430	0.926817
580.950250	0.925395
580.372020	0.925273
579.793760	0.927003
579.215460	0.926810
578.637120	0.924528
578.058740	0.926132
577.480320	0.925140
576.901870	0.923192
576.323380	0.925186
575.744850	0.926894
575.166280	0.922960
574.587670	0.923716
574.009030	0.926028
573.430350	0.924098
572.851630	0.926659
572.272870	0.925619
571.694080	0.923631
571.115240	0.923310
570.536370	0.925380
569.957460	0.923471
569.378520	0.923364
568.799530	0.923657
568.220510	0.922175
567.641450	0.922019
567.062350	0.922450
566.483220	0.924200
565.904040	0.921581
565.324830	0.921549
564.745580	0.923622
564.166300	0.922825
563.586970	0.924103
563.007610	0.919723
562.428210	0.921559
561.848780	0.918672
561.269300	0.920882
560.689790	0.923314
560.110240	0.919486
559.530660	0.920525
558.951030	0.923326
558.371370	0.921792
557.791670	0.920076
557.211940	0.918792
556.632160	0.921677
556.052350	0.919730
555.472500	0.919014
554.892620	0.920523
554.312690	0.923087
553.732730	0.921323
553.152740	0.923734
552.572700	0.921657
551.992630	0.918035
551.412520	0.919016
550.832370	0.920618
550.252190	0.919431
549.671970	0.920901
549.091710	0.920173
548.511410	0.920948
547.931080	0.917970
547.350710	0.920256
546.770310	0.919519
546.189860	0.919448
545.609380	0.918410
545.028860	0.920765
544.448310	0.918592
543.867720	0.921390
543.287090	0.918117
542.706420	0.916257
542.125720	0.920503
541.544980	0.917311
540.964210	0.920365
540.383390	0.917802
539.802540	0.920704
539.221660	0.918315
538.640730	0.921687
538.059770	0.920113
537.478780	0.920767
536.897740	0.918759
536.316670	0.919483
535.735560	0.916531
535.154420	0.918441
534.573240	0.919655
533.992020	0.917933
533.410770	0.918649
532.829480	0.919508
532.248150	0.916341
531.666790	0.916915
531.085390	0.920436
530.503950	0.917195
529.922480	0.919089
529.340970	0.919444
528.759420	0.916626
528.177840	0.921258
527.596220	0.918058
527.014560	0.918603
526.432870	0.919441
525.851140	0.920148
525.269380	0.922730
524.687580	0.918667
524.105740	0.920163
523.523860	0.918298
522.941950	0.918655
522.360010	0.918435
521.778030	0.917363
521.196010	0.917627
520.613950	0.918571
520.031860	0.918956
519.449730	0.919691
518.867570	0.921344
518.285370	0.918232
517.703130	0.918478
517.120860	0.919770
516.538550	0.916841
515.956210	0.919410
515.373830	0.916842
514.791410	0.918870
514.208960	0.922976
513.626470	0.921378
513.043950	0.918291
512.461390	0.921827
511.878790	0.917363
511.296160	0.919046
510.713490	0.919246
510.130790	0.919806
509.548050	0.917846
508.965270	0.920809
508.382460	0.920731
507.799620	0.919808
507.216730	0.920317
506.633820	0.918875
506.050860	0.919722
505.467870	0.917970
504.884850	0.915034
504.301780	0.919393
503.718690	0.919507
503.135550	0.918758
502.552390	0.918863
501.969180	0.920623
501.385940	0.920889
500.802670	0.918467
500.219360	0.916297
499.636010	0.918232
499.052630	0.920749
498.469210	0.917043
497.885760	0.917683
497.302270	0.917560
496.718750	0.918538
496.135190	0.916934
495.551590	0.918740
494.967960	0.916422
494.384300	0.918936
493.800600	0.916352
493.216860	0.918242
492.633090	0.916823
492.049290	0.920799
491.465440	0.916820
490.881570	0.916674
490.297650	0.917150
489.713710	0.918415
489.129720	0.916317
488.545710	0.915770
487.961650	0.917124
487.377570	0.916164
486.793440	0.919357
486.209290	0.916789
485.625090	0.916016
485.040860	0.917432
484.456600	0.915693
483.872300	0.915081
483.287970	0.914951
482.703600	0.915745
482.119200	0.913756
481.534760	0.915130
480.950290	0.914900
480.365780	0.916078
479.781230	0.915082
479.196660	0.916319
478.612040	0.915272
478.027400	0.914242
477.442710	0.915447
476.858000	0.915836
476.273240	0.912695
475.688460	0.913662
475.103640	0.914676
474.518780	0.912730
473.933890	0.916528
473.348960	0.913664
472.764000	0.916666
472.179010	0.913601
471.593980	0.913382
471.008920	0.916218
470.423820	0.913804
469.838680	0.915159
469.253520	0.911179
468.668310	0.914104
468.083080	0.913932
467.497810	0.914788
466.912500	0.912752
466.327160	0.915431
465.741790	0.913965
465.156380	0.910871
464.570930	0.912192
463.985460	0.913743
463.399940	0.913624
462.814400	0.913492
462.228820	0.913563
461.643200	0.914186
461.057550	0.913418
460.471870	0.912922
459.886150	0.913699
459.300400	0.913399
458.714610	0.915832
458.128790	0.912999
457.542940	0.912423
456.957050	0.913068
456.371130	0.913196
455.785170	0.912808
455.199180	0.912023
454.613150	0.911344
454.027090	0.909973
453.441000	0.911313
452.854870	0.914030
452.268710	0.910842
451.682520	0.910503
451.096290	0.911805
450.510020	0.911605
449.923730	0.909121
449.337400	0.910527
448.751030	0.911337
448.164630	0.912804
447.578200	0.909933
446.991730	0.911470
446.405230	0.911902
445.818700	0.911868
445.232130	0.910878
444.645530	0.910728
444.058900	0.909963
443.472230	0.908807
442.885530	0.911068
442.298790	0.910571
441.712020	0.908747
441.125220	0.909968
440.538380	0.912092
439.951510	0.910319
439.364600	0.909161
438.777670	0.907720
438.190690	0.909297
437.603690	0.910225
437.016650	0.908721
436.429580	0.908153
435.842470	0.909417
435.255330	0.907446
434.668160	0.909343
434.080960	0.907674
433.493720	0.907790
432.906450	0.907946
432.319140	0.906879
431.731800	0.908000
431.144430	0.909549
430.557020	0.908153
429.969580	0.908070
429.382110	0.905322
428.794610	0.907709
428.207070	0.909171
427.619500	0.908363
427.031890	0.907051
426.444250	0.903771
425.856580	0.907669
425.268880	0.905709
424.681140	0.908398
424.093370	0.908210
423.505570	0.906454
422.917730	0.905730
422.329860	0.904539
421.741960	0.906302
421.154020	0.906516
420.566050	0.907701
419.978050	0.905705
419.390020	0.905870
418.801950	0.907525
418.213850	0.905120
417.625710	0.902958
417.037550	0.904883
416.449350	0.905501
415.861120	0.904728
415.272850	0.905494
414.684560	0.900018
414.096230	0.904224
413.507860	0.902620
412.919470	0.902413
412.331040	0.902145
411.742580	0.903066
411.154080	0.903594
410.565560	0.902994
409.977000	0.902587
409.388410	0.900576
408.799780	0.899189
408.211130	0.899579
407.622440	0.902625
407.033720	0.901860
406.444960	0.900282
405.856180	0.900580
405.267360	0.900419
404.678500	0.897121
404.089620	0.898872
403.500700	0.899554
402.911760	0.898888
402.322770	0.900193
401.733760	0.900659
401.144710	0.900840
400.555640	0.899691
399.966530	0.899054
399.377380	0.899693
398.788210	0.897461
398.199000	0.899387
397.609760	0.895765
397.020490	0.899581
396.431180	0.896430
395.841850	0.896452
395.252480	0.895744
394.663080	0.894695
394.073650	0.896650
393.484180	0.896076
392.894690	0.896802
392.305160	0.894321
391.715600	0.894799
391.126000	0.894699
390.536380	0.893683
389.946720	0.895995
389.357030	0.895161
388.767310	0.891061
388.177560	0.892461
387.587770	0.891718
386.997960	0.891733
386.408110	0.893723
385.818230	0.893179
385.228320	0.891301
384.638370	0.889681
384.048400	0.891219
383.458390	0.890523
382.868350	0.888687
382.278280	0.891762
381.688180	0.885862
381.098040	0.890135
380.507880	0.889232
379.917680	0.884325
379.327450	0.886352
378.737190	0.887518
378.146900	0.888171
377.556570	0.885479
376.966220	0.886279
376.375830	0.884419
375.785410	0.887194
375.194960	0.881183
374.604480	0.886776
374.013970	0.885417
373.423420	0.884001
372.832850	0.884932
372.242240	0.882110
371.651600	0.882303
371.060930	0.880563
370.470230	0.883344
369.879490	0.884325
369.288730	0.881664
368.697930	0.881865
368.107110	0.883406
367.516250	0.881662
366.925360	0.882641
366.334440	0.879151
365.743490	0.880155
365.152510	0.879639
364.561490	0.880221
363.970450	0.878331
363.379370	0.877973
362.788260	0.880318
362.197120	0.876351
361.605950	0.878277
361.014750	0.876142
360.423520	0.875887
359.832260	0.874270
359.240970	0.872450
358.649640	0.874475
358.058290	0.873896
357.466900	0.874175
356.875480	0.871147
356.284030	0.871248
355.692550	0.874071
355.101040	0.870597
354.509500	0.869122
353.917930	0.868735
353.326330	0.866332
352.734700	0.867509
352.143030	0.863010
351.551340	0.862867
350.959610	0.861588
350.367850	0.862422
349.776070	0.860810
349.184250	0.857786
348.592400	0.861054
348.000520	0.855712
347.408610	0.853873
346.816670	0.856015
346.224700	0.855680
345.632700	0.849455
345.040670	0.852872
344.448610	0.847841
343.856510	0.851498
343.264390	0.844228
342.672240	0.846565
342.080050	0.845068
341.487840	0.841535
340.895590	0.839269
340.303320	0.838003
339.711010	0.841395
339.118680	0.833934
338.526310	0.831771
337.933910	0.829906
337.341480	0.828082
336.749030	0.823812
336.156540	0.823689
335.564020	0.822127
334.971470	0.817778
334.378900	0.816350
333.786290	0.813287
333.193650	0.810063
332.600980	0.807538
332.008280	0.803843
331.415550	0.801697
330.822790	0.795391
330.230000	0.791078
329.637180	0.789205
