%% INTEG 5.0 AVG 100.0 SMOOTH 4
1032.386440	0.001578
1031.845090	0.003344
1031.303680	-0.002580
1030.762230	0.001284
1030.220720	0.000345
1029.679150	0.006843
1029.137530	0.002149
1028.595860	0.003366
1028.054140	0.005610
1027.512360	0.003845
1026.970530	0.001195
1026.428650	0.001075
1025.886710	0.000106
1025.344720	-0.001060
1024.802680	0.001254
1024.260580	-0.002912
1023.718430	-0.002067
1023.176230	-0.001235
1022.633970	-0.000103
1022.091660	-0.000400
1021.549300	0.001190
1021.006890	-0.000197
1020.464420	0.003027
1019.921900	-0.007199
1019.379320	0.002386
1018.836700	0.001038
1018.294010	0.000187
1017.751280	0.001579
1017.208490	-0.000274
1016.665660	0.002623
1016.122760	-0.002155
1015.579820	-0.000973
1015.036820	-0.000439
1014.493770	-0.004773
1013.950670	0.000517
1013.407510	0.000426
1012.864300	-0.000251
1012.321040	0.002487
1011.777720	-0.002473
1011.234360	-0.004571
1010.690940	0.002586
1010.147460	0.001752
1009.603940	-0.000393
1009.060360	-0.000313
1008.516730	0.000696
1007.973040	0.003282
1007.429310	0.000527
1006.885520	0.000150
1006.341680	0.000884
1005.797780	0.000512
1005.253840	0.000948
1004.709840	0.001220
1004.165790	0.000000
1003.621680	0.000767
1003.077530	-0.001320
1002.533320	0.000972
1001.989060	0.000887
1001.444740	0.003423
1000.900380	0.001397
1000.355960	-0.000596
999.811490	0.001777
999.266970	0.001118
998.722390	0.000581
998.177760	-0.001028
997.633080	0.000508
997.088350	0.002203
996.543570	-0.002053
995.998730	0.000553
995.453840	-0.002933
994.908900	-0.000121
994.363910	0.000178
993.818860	-0.001834
993.273760	0.002221
992.728610	0.000175
992.183410	0.002587
991.638160	-0.000511
991.092850	-0.002609
990.547500	-0.000898
990.002090	0.001958
989.456630	-0.000055
988.911110	0.000274
988.365550	-0.000109
987.819930	0.000703
987.274260	0.002189
986.728540	-0.000426
986.182770	0.002244
985.636940	-0.000470
985.091060	0.000826
984.545140	-0.000051
983.999160	0.000907
983.453120	0.001051
982.907040	0.001143
982.360900	-0.001138
981.814720	0.001474
981.268480	0.000340
980.722190	0.000241
980.175840	0.000571
979.629450	-0.001464
979.083000	0.000985
978.536510	-0.002249
977.989960	0.001328
977.443360	-0.000138
976.896710	-0.002498
976.350000	0.002334
975.803250	-0.001073
975.256440	0.002338
974.709580	-0.001584
974.162670	-0.003162
973.615710	0.002682
973.068700	-0.000171
972.521640	0.000766
971.974520	0.002304
971.427360	-0.001594
970.880140	-0.000042
970.332870	0.001153
969.785550	0.000448
969.238180	-0.000366
968.690760	-0.001126
968.143280	0.000000
967.595760	0.000000
967.048180	-0.001065
966.500550	-0.000391
965.952870	-0.000116
965.405140	0.000000
964.857360	0.000345
964.309530	-0.001181
963.761650	-0.000418
963.213710	-0.000748
962.665730	0.000187
962.117690	0.001042
961.569610	-0.000296
961.021470	-0.001170
960.473280	0.001093
959.925040	0.001947
959.376750	-0.000823
958.828400	-0.001028
958.280010	0.000282
957.731570	-0.001333
957.183070	-0.001111
956.634530	0.001374
956.085930	-0.001264
955.537280	0.000992
954.988580	0.000646
954.439840	0.000371
953.891040	-0.000134
953.342190	0.000401
952.793290	0.001867
952.244330	0.001094
951.695330	-0.000626
951.146280	-0.000196
950.597170	-0.001271
950.048020	0.000129
949.498820	-0.000257
948.949560	0.000510
948.400250	0.000000
947.850900	-0.000032
947.301490	0.000564
946.752030	0.001684
946.202530	-0.000217
945.652970	-0.000434
945.103360	0.000737
944.553700	-0.000705
944.003990	0.000274
943.454230	-0.000214
942.904420	0.001089
942.354560	-0.000543
941.804650	-0.001052
941.254690	-0.000626
940.704670	-0.000418
940.154610	0.001382
939.604500	0.001031
939.054340	-0.000410
938.504120	0.001197
937.953860	-0.000812
937.403550	0.000287
936.853190	-0.000858
936.302770	-0.000287
935.752310	-0.000086
935.201790	-0.000085
934.651230	-0.000620
934.100620	0.000757
933.549950	0.000334
932.999240	0.000834
932.448480	-0.000443
931.897660	0.001075
931.346800	-0.000603
930.795880	0.000461
930.244920	0.001492
929.693910	0.000809
929.142840	0.001132
928.591730	0.001145
928.040570	0.000319
927.489350	-0.000717
926.938090	-0.000316
926.386780	0.000397
925.835420	-0.000501
925.284010	0.001024
924.732540	-0.000182
924.181030	0.000181
923.629470	0.001185
923.077860	-0.000258
922.526200	-0.000385
921.974490	0.000334
921.422730	-0.000740
920.870920	-0.000152
920.319060	0.000000
919.767150	-0.000076
919.215190	0.000176
918.663190	-0.000404
918.111130	-0.000677
917.559020	0.001145
917.006870	-0.000547
916.454660	0.000794
915.902400	0.000173
915.350100	0.000394
914.797750	-0.000320
914.245340	-0.000490
913.692890	0.000998
913.140390	0.000098
912.587840	-0.000169
912.035240	-0.000266
911.482590	0.000887
910.929890	-0.000670
910.377140	0.000908
909.824340	-0.001667
909.271490	0.000309
908.718600	0.000000
908.165650	0.000544
907.612660	0.000165
907.059620	0.000423
906.506520	0.000752
905.953380	0.000539
905.400190	0.000023
904.846950	-0.000023
904.293660	-0.000023
903.740320	-0.000023
903.186940	0.000300
902.633500	-0.000738
902.080020	0.000390
901.526480	-0.000525
900.972900	-0.000045
900.419270	-0.000523
899.865590	0.000113
899.311860	0.001015
898.758080	0.000225
898.204250	0.000724
897.650380	0.000877
897.096450	0.000449
896.542480	-0.000157
895.988460	0.000893
895.434390	0.000288
894.880270	-0.000178
894.326100	-0.000088
893.771880	0.000552
893.217620	0.001141
892.663300	0.000656
892.108940	0.000982
891.554530	0.000218
891.000070	0.000566
890.445560	-0.000239
889.891000	0.000173
889.336400	0.000086
888.781740	0.000731
888.227040	0.000645
887.672290	0.000214
887.117490	0.000509
886.562640	-0.000127
886.007740	-0.000275
885.452800	0.000359
884.897810	-0.000168
884.342770	0.000814
883.787680	-0.000188
883.232540	0.000726
882.677350	0.000104
882.122120	0.000124
881.566830	-0.000103
881.011500	0.000962
880.456120	0.000408
879.900690	0.000243
879.345220	-0.000927
878.789700	0.000181
878.234120	0.000140
877.678500	0.000618
877.122830	0.000218
876.567120	-0.000059
876.011350	0.000686
875.455540	0.000937
874.899680	-0.000254
874.343770	0.000541
873.787820	-0.000855
873.231810	0.000695
872.675760	0.000346
872.119660	-0.000329
871.563510	0.000307
871.007310	0.000554
870.451070	0.000439
869.894780	0.000631
869.338440	-0.000287
868.782050	-0.000554
868.225610	0.000038
867.669130	0.000325
867.112600	0.000230
866.556020	0.000443
865.999390	0.000424
865.442720	-0.000543
864.886000	-0.000774
864.329230	-0.000408
863.772410	-0.000117
863.215550	0.000878
862.658630	0.000470
862.101670	0.000039
861.544670	0.000491
860.987610	-0.000177
860.430510	-0.000573
859.873360	-0.000593
859.316160	0.000811
858.758920	0.000753
858.201620	0.000615
857.644280	0.000518
857.086900	-0.000876
856.529460	0.000359
855.971980	0.000578
855.414450	0.000721
854.856870	0.000139
854.299250	0.000599
853.741580	-0.001242
853.183860	-0.001057
852.626090	0.000179
852.068280	0.000714
851.510420	0.000198
850.952510	-0.000238
850.394550	0.000454
849.836550	0.001185
849.278500	0.000256
848.720410	0.000393
848.162260	0.000393
847.604070	-0.000606
847.045830	-0.000505
846.487550	0.000271
845.929220	-0.000832
845.370840	0.000677
844.812410	0.000308
844.253940	-0.000556
843.695420	-0.000613
843.136850	0.000134
842.578240	-0.000230
842.019580	0.000381
841.460870	0.000247
840.902120	-0.000399
840.343310	0.001135
839.784470	-0.000341
839.225570	0.000170
838.666630	-0.000433
838.107640	0.000000
837.548610	0.000206
836.989520	-0.000842
836.430390	-0.000541
835.871220	0.000000
835.312000	0.000019
834.752730	-0.000242
834.193410	-0.000185
833.634050	0.001350
833.074640	0.000537
832.515190	0.000129
831.955680	0.000297
831.396140	0.000074
830.836540	-0.000573
830.276900	-0.000147
829.717210	-0.000681
829.157480	0.001045
828.597700	0.000587
828.037870	0.000239
827.478000	0.000460
826.918080	-0.000554
826.358110	0.000807
825.798100	0.000238
825.238040	0.000439
824.677930	0.000402
824.117780	-0.000473
823.557580	-0.000055
822.997340	0.000164
822.437050	0.000272
821.876710	0.000742
821.316330	0.000108
820.755900	0.001429
820.195420	-0.000216
819.634900	0.000036
819.074330	-0.000197
818.513720	-0.000840
817.953060	0.000838
817.392350	-0.000213
816.831600	0.000266
816.270800	0.000177
815.709960	0.000141
815.149070	0.001013
814.588130	0.000680
814.027150	0.000121
813.466120	0.000398
812.905050	0.000207
812.343930	0.000707
811.782770	0.000343
811.221550	-0.000392
810.660300	-0.000239
810.098990	0.000203
809.537650	0.000638
808.976250	0.000252
808.414810	0.000385
807.853320	0.000815
807.291790	-0.000794
806.730210	-0.000232
806.168590	-0.000345
805.606920	-0.001213
805.045210	0.000538
804.483450	-0.000016
803.921640	0.000518
803.359790	0.000466
802.797890	-0.000112
802.235950	0.000952
801.673960	0.000648
801.111930	-0.000643
800.549850	-0.000016
799.987720	0.000653
799.425550	-0.000248
798.863340	0.000633
798.301080	-0.000015
797.738770	0.000798
797.176420	-0.000015
796.614020	0.000517
796.051580	-0.000197
795.489090	-0.000527
794.926560	0.000344
794.363980	-0.000298
793.801350	0.000695
793.238690	-0.000206
792.675970	0.000117
792.113210	0.000364
791.550410	0.000073
790.987560	0.000420
790.424660	0.000359
789.861720	0.000458
789.298740	0.000681
788.735710	0.000156
788.172630	0.000085
787.609510	0.000239
787.046340	-0.000337
786.483130	0.000672
785.919880	0.000362
785.356580	0.000111
784.793230	0.000553
784.229840	0.000290
783.666410	0.000082
783.102920	-0.000465
782.539400	-0.000041
781.975830	0.000568
781.412210	-0.000243
780.848550	-0.000508
780.284850	0.000696
779.721100	-0.000093
779.157310	0.000173
778.593470	0.000448
778.029580	-0.000039
777.465650	0.000965
776.901680	0.000325
776.337660	0.000129
775.773600	-0.000167
775.209490	0.000332
774.645340	0.000329
774.081140	0.000025
773.516900	-0.000523
772.952620	0.000248
772.388290	0.000160
771.823910	0.000390
771.259490	0.000073
770.695030	-0.000036
770.130520	0.000144
769.565970	-0.000024
769.001370	-0.000154
768.436730	0.000458
767.872040	0.000070
767.307310	0.000150
766.742540	-0.000161
766.177720	0.000172
765.612860	-0.000569
765.047950	-0.000236
764.483000	-0.000190
763.918000	0.000078
763.352960	0.000199
762.787880	0.000187
762.222750	0.000567
761.657570	-0.000185
761.092360	-0.000249
760.527090	0.000203
759.961790	0.000139
759.396440	0.000477
758.831050	-0.000422
758.265610	0.000315
757.700130	-0.000031
757.134600	-0.000062
756.569030	-0.000467
756.003420	-0.000196
755.437760	0.000010
754.872060	0.000950
754.306310	0.000122
753.740520	-0.000425
753.174690	-0.000715
752.608810	0.000040
752.042890	-0.000580
751.476920	-0.000535
750.910910	-0.000138
750.344860	0.000029
749.778760	0.000312
749.212620	0.000602
748.646440	0.000251
748.080210	-0.000154
747.513940	0.000228
746.947620	0.000047
746.381260	0.000047
745.814860	-0.000308
745.248410	-0.000611
744.681920	0.000193
744.115390	-0.000073
743.548810	0.000136
742.982190	0.000018
742.415530	0.000133
741.848820	0.000300
741.282070	0.000299
740.715270	0.000104
740.148430	-0.000163
739.581550	0.000017
739.014630	0.000102
738.447660	-0.000042
737.880650	0.000175
737.313590	0.000017
736.746490	-0.000132
736.179350	-0.000409
735.612160	-0.000146
735.044940	0.000451
734.477660	0.000320
733.910350	0.000088
733.342990	-0.000135
732.775590	-0.000426
732.208140	0.000361
731.640650	-0.000172
731.073120	-0.000109
730.505550	-0.000101
729.937930	0.000046
729.370270	0.000184
728.802570	-0.000091
728.234820	0.000280
727.667030	0.000143
727.099200	-0.000173
726.531320	0.000082
725.963400	-0.000306
725.395440	-0.000104
724.827440	0.000081
724.259390	0.000258
723.691300	0.000073
723.123160	0.000153
722.554990	0.000189
721.986770	0.000382
721.418500	0.000315
720.850200	0.000021
720.281850	-0.000149
719.713460	-0.000332
719.145030	-0.000140
718.576550	-0.000035
718.008030	-0.000007
717.439470	-0.000069
716.870870	0.000048
716.302220	0.000389
715.733530	-0.000075
715.164800	0.000161
714.596020	0.000194
714.027200	0.000106
713.458340	0.000332
712.889440	-0.000007
712.320500	-0.000131
711.751510	0.000209
711.182480	-0.000124
710.613410	-0.000136
710.044290	0.000303
709.475130	0.000096
708.905930	0.000019
708.336690	-0.000438
707.767410	-0.000013
707.198080	0.000314
706.628710	0.000450
706.059300	0.000249
705.489840	-0.000148
704.920350	0.000381
704.350810	0.000037
703.781230	-0.000079
703.211600	0.000285
702.641940	-0.000175
702.072230	0.000054
701.502480	0.000185
700.932690	0.000071
700.362850	-0.000018
699.792980	0.000147
699.223060	-0.000117
698.653100	-0.000170
698.083100	-0.000234
697.513050	0.000076
696.942960	0.000110
696.372840	-0.000040
695.802660	-0.000092
695.232450	-0.000178
694.662200	0.000247
694.091900	-0.000017
693.521560	0.000017
692.951180	0.000251
692.380760	-0.000006
691.810300	-0.000074
691.239790	0.000006
690.669240	-0.000198
690.098650	-0.000006
689.528020	0.000384
688.957350	-0.000187
688.386630	0.000283
687.815880	-0.000006
687.245080	0.000124
686.674240	0.000152
686.103360	0.000011
685.532430	0.000383
684.961470	-0.000045
684.390460	-0.000350
683.819420	-0.000299
683.248330	-0.000090
682.677190	0.000192
682.106020	0.000192
681.534810	0.000170
680.963550	0.000096
680.392250	0.000028
679.820920	-0.000152
679.249540	0.000023
678.678110	0.000231
678.106650	-0.000073
677.535150	0.000208
676.963600	-0.000045
676.392010	0.000236
675.820390	-0.000175
675.248720	-0.000203
674.677010	-0.000124
674.105250	0.000270
673.533460	-0.000039
672.961630	0.000321
672.389750	-0.000163
671.817830	-0.000011
671.245870	0.000508
670.673870	0.000332
670.101830	0.000124
669.529750	-0.000006
668.957630	0.000192
668.385470	0.000000
667.813260	0.000181
667.241020	0.000164
666.668730	0.000242
666.096400	0.000023
665.524030	0.000354
664.951620	0.000056
664.379170	-0.000072
663.806680	-0.000039
663.234150	0.000131
662.661570	0.000339
662.088960	0.000022
661.516300	0.000179
660.943610	0.000201
660.370870	0.000185
659.798090	0.000005
659.225270	-0.000016
658.652410	0.000163
658.079510	0.000245
657.506570	0.000038
656.933590	0.000398
656.360570	0.000027
655.787510	0.000296
655.214400	-0.000017
654.641260	0.000127
654.068080	-0.000033
653.494850	0.000156
652.921580	0.000236
652.348280	0.000164
651.774930	0.000188
651.201540	0.000235
650.628120	0.000150
650.054650	0.000134
649.481140	0.000223
648.907590	0.000213
648.334000	0.000378
647.760370	0.000116
647.186700	-0.000012
646.612990	0.000062
646.039240	-0.000012
645.465450	0.000094
644.891620	0.000044
644.317740	0.000057
643.743830	0.000183
643.169880	0.000234
642.595890	0.000235
642.021850	-0.000375
641.447780	0.000452
640.873670	0.000313
640.299510	0.000371
639.725320	0.000418
639.151090	-0.000071
638.576810	0.000405
638.002500	0.000077
637.428150	-0.000206
636.853750	0.000122
636.279320	0.000045
635.704840	0.000948
635.130330	0.000135
634.555780	0.000448
633.981180	0.000167
633.406550	-0.000193
632.831880	0.000805
632.257160	0.000295
631.682410	0.000352
631.107620	0.000185
630.532780	0.000089
629.957910	0.000433
629.383000	0.000235
628.808040	0.000363
628.233050	0.000331
627.658020	0.000738
627.082950	0.000203
626.507840	0.000209
625.932690	0.000482
625.357500	0.000429
624.782270	0.000486
624.207000	0.000548
623.631690	0.000402
623.056340	0.000313
622.480950	0.000250
621.905520	0.000522
621.330050	0.000496
620.754550	0.000241
620.179000	0.000739
619.603410	0.000443
619.027790	0.000430
618.452120	0.000693
617.876420	0.000631
617.300680	0.000501
616.724890	0.000524
616.149070	0.000430
615.573210	0.000875
614.997310	0.000786
614.421370	0.000623
613.845390	0.000713
613.269370	0.000659
612.693310	0.000707
612.117210	0.000388
611.541080	0.000585
610.964900	0.000863
610.388690	0.000588
609.812430	0.000874
609.236140	0.000440
608.659810	0.000842
608.083430	0.000682
607.507020	0.000364
606.930570	0.000957
606.354090	0.000672
605.777560	0.000648
605.200990	0.000388
604.624390	0.000399
604.047740	0.000364
603.471060	0.000587
602.894340	0.000553
602.317580	0.000556
601.740780	0.000549
601.163940	0.000171
600.587060	0.000369
600.010140	0.000298
599.433190	0.000370
598.856190	0.000193
598.279160	0.000260
597.702090	-0.000006
597.124980	0.000321
596.547830	0.000254
595.970640	-0.000259
595.393420	0.000263
594.816150	0.000231
594.238850	0.000131
593.661500	0.000250
593.084120	-0.000049
592.506700	0.000152
591.929250	0.000401
591.351750	0.000190
590.774210	0.000070
590.196640	-0.000194
589.619030	-0.000080
589.041380	0.000021
588.463690	0.000063
587.885960	0.000216
587.308200	0.000000
586.730390	-0.000021
586.152550	-0.000021
585.574670	-0.000332
584.996750	0.000155
584.418790	0.000170
583.840800	-0.000144
583.262760	0.000255
582.684690	-0.000097
582.106580	0.000010
581.528430	0.000056
580.950250	0.000192
580.372020	0.000333
579.793760	0.000238
579.215460	0.000385
578.637120	0.000279
578.058740	0.000426
577.480320	0.000245
576.901870	0.000629
576.323380	0.001217
575.744850	0.001311
575.166280	0.002326
574.587670	0.003007
574.009030	0.004362
573.430350	0.005881
572.851630	0.007563
572.272870	0.009791
571.694080	0.011734
571.115240	0.014313
570.536370	0.016590
569.957460	0.019146
569.378520	0.022443
568.799530	0.025551
568.220510	0.028905
567.641450	0.032477
567.062350	0.035590
566.483220	0.039990
565.904040	0.043609
565.324830	0.046917
564.745580	0.050429
564.166300	0.053337
563.586970	0.056273
563.007610	0.059252
562.428210	0.062249
561.848780	0.064888
561.269300	0.066449
560.689790	0.068538
560.110240	0.069698
559.530660	0.070488
558.951030	0.071278
558.371370	0.071302
557.791670	0.070760
557.211940	0.070553
556.632160	0.069594
556.052350	0.067653
555.472500	0.066077
554.892620	0.064247
554.312690	0.062028
553.732730	0.060184
553.152740	0.057483
552.572700	0.054643
551.992630	0.052090
551.412520	0.049948
550.832370	0.047039
550.252190	0.044801
549.671970	0.041819
549.091710	0.039982
548.511410	0.037401
547.931080	0.034773
547.350710	0.032758
546.770310	0.030813
546.189860	0.028359
545.609380	0.026432
545.028860	0.025082
544.448310	0.023342
543.867720	0.021260
543.287090	0.019831
542.706420	0.018837
542.125720	0.017226
541.544980	0.016088
540.964210	0.014943
540.383390	0.013942
539.802540	0.012432
539.221660	0.011478
538.640730	0.010715
538.059770	0.009406
537.478780	0.008765
536.897740	0.008167
536.316670	0.007072
535.735560	0.006513
535.154420	0.005593
534.573240	0.005536
533.992020	0.004603
533.410770	0.003584
532.829480	0.003638
532.248150	0.003257
531.666790	0.002630
531.085390	0.002698
530.503950	0.002295
529.922480	0.002002
529.340970	0.001567
528.759420	0.001603
528.177840	0.002152
527.596220	0.001641
527.014560	0.001620
526.432870	0.001075
525.851140	0.000833
525.269380	0.001144
524.687580	0.001011
524.105740	0.000850
523.523860	0.001802
522.941950	0.000778
522.360010	0.001569
521.778030	0.001360
521.196010	0.001262
520.613950	0.001631
520.031860	0.001319
519.449730	0.001389
518.867570	0.001433
518.285370	0.001458
517.703130	0.001618
517.120860	0.001103
516.538550	0.001150
515.956210	0.001506
515.373830	0.001459
514.791410	0.000894
514.208960	0.001162
513.626470	0.000877
513.043950	0.001694
512.461390	0.001194
511.878790	0.001389
511.296160	0.001362
510.713490	0.001201
510.130790	0.001372
509.548050	0.001475
508.965270	0.001876
508.382460	0.001010
507.799620	0.001554
507.216730	0.001657
506.633820	0.001642
506.050860	0.001756
505.467870	0.001514
504.884850	0.001133
504.301780	0.001544
503.718690	0.001224
503.135550	0.001120
502.552390	0.001275
501.969180	0.000704
501.385940	0.001420
500.802670	0.001101
500.219360	0.001152
499.636010	0.000996
499.052630	0.000733
498.469210	0.001521
497.885760	0.000644
497.302270	0.001147
496.718750	0.000733
496.135190	0.000281
495.551590	0.000434
494.967960	0.000197
494.384300	0.000391
493.800600	0.000624
493.216860	0.000366
492.633090	0.000624
492.049290	0.000232
491.465440	0.000009
490.881570	0.000506
490.297650	0.000302
489.713710	0.000083
489.129720	0.000339
488.545710	0.000090
487.961650	0.000171
487.377570	0.000428
486.793440	-0.000072
486.209290	-0.000127
485.625090	0.000118
485.040860	-0.000266
484.456600	0.000286
483.872300	0.000237
483.287970	-0.000038
482.703600	-0.000113
482.119200	-0.000052
481.534760	0.000037
480.950290	-0.000081
480.365780	0.000087
479.781230	-0.000043
479.196660	-0.000130
478.612040	0.000215
478.027400	-0.000021
477.442710	0.000213
476.858000	-0.000403
476.273240	0.000203
475.688460	0.000395
475.103640	-0.000062
474.518780	0.000326
473.933890	0.000007
473.348960	0.000027
472.764000	0.000371
472.179010	-0.000118
471.593980	-0.000188
471.008920	0.000097
470.423820	-0.000071
469.838680	0.000064
469.253520	-0.000069
468.668310	0.000000
468.083080	-0.000118
467.497810	0.000050
466.912500	-0.000080
466.327160	-0.000006
465.741790	0.000085
465.156380	0.000127
464.570930	-0.000264
463.985460	0.000233
463.399940	0.000160
462.814400	-0.000113
462.228820	-0.000006
461.643200	0.000270
461.057550	0.000035
460.471870	-0.000099
459.886150	0.000228
459.300400	-0.000035
458.714610	0.000052
458.128790	0.000296
457.542940	-0.000006
456.957050	0.000058
456.371130	-0.000204
455.785170	0.000058
455.199180	-0.000174
454.613150	-0.000145
454.027090	0.000220
453.441000	-0.000157
452.854870	0.000198
452.268710	0.000012
451.682520	0.000070
451.096290	0.000123
450.510020	0.000094
449.923730	0.000234
449.337400	-0.000212
448.751030	-0.000130
448.164630	-0.000291
447.578200	-0.000178
446.991730	0.000363
446.405230	0.000155
445.818700	-0.000239
445.232130	-0.000066
444.645530	-0.000036
444.058900	0.000282
443.472230	0.000211
442.885530	0.000259
442.298790	0.000109
441.712020	0.000091
441.125220	0.000061
440.538380	-0.000170
439.951510	-0.000230
439.364600	0.000156
438.777670	0.000126
438.190690	0.000006
437.603690	-0.000096
437.016650	0.000160
436.429580	0.000000
435.842470	-0.000130
435.255330	0.000270
434.668160	-0.000053
434.080960	0.000129
433.493720	-0.000261
432.906450	0.000069
432.319140	0.000081
431.731800	-0.000063
431.144430	-0.000114
430.557020	0.000040
429.969580	-0.000017
429.382110	0.000236
428.794610	-0.000079
428.207070	-0.000011
427.619500	0.000278
427.031890	-0.000077
426.444250	0.000166
425.856580	0.000006
425.268880	0.000138
424.681140	0.000259
424.093370	-0.000033
423.505570	0.000104
422.917730	0.000104
422.329860	0.000230
421.741960	-0.000264
421.154020	0.000028
420.566050	-0.000082
419.978050	-0.000017
419.390020	0.000033
418.801950	0.000139
418.213850	-0.000050
417.625710	-0.000056
417.037550	-0.000051
416.449350	0.000181
415.861120	-0.000285
415.272850	-0.000017
414.684560	0.000040
414.096230	0.000052
413.507860	0.000140
412.919470	0.000012
412.331040	-0.000290
411.742580	0.000306
411.154080	-0.000137
410.565560	-0.000066
409.977000	0.000072
409.388410	-0.000126
408.799780	-0.000122
408.211130	0.000384
407.622440	0.000061
407.033720	-0.000301
406.444960	0.000310
405.856180	-0.000044
405.267360	0.000198
404.678500	0.000006
404.089620	0.000232
403.500700	0.000321
402.911760	0.000102
402.322770	0.000034
401.733760	0.000246
401.144710	0.000238
400.555640	0.000289
399.966530	0.000384
399.377380	0.000014
398.788210	-0.000123
398.199000	0.000298
397.609760	0.000066
397.020490	-0.000170
396.431180	0.000211
395.841850	0.000424
395.252480	-0.000008
394.663080	0.000008
394.073650	-0.000081
393.484180	-0.000104
392.894690	0.000180
392.305160	0.000042
391.715600	-0.000142
391.126000	0.000009
390.536380	0.000395
389.946720	-0.001619
389.357030	0.000009
388.767310	-0.000177
388.177560	0.000053
387.587770	0.000400
386.997960	0.000639
386.408110	0.000613
385.818230	0.000276
385.228320	-0.000157
384.638370	0.000227
384.048400	-0.000377
383.458390	0.000492
382.868350	0.000612
382.278280	-0.000105
381.688180	0.000116
381.098040	-0.000173
380.507880	-0.000010
379.917680	0.000156
379.327450	0.000256
378.737190	0.000250
378.146900	-0.000470
377.556570	-0.000090
376.966220	-0.000202
376.375830	0.000149
375.785410	0.000361
375.194960	-0.000050
374.604480	0.000020
374.013970	0.000152
373.423420	0.000060
372.832850	-0.000122
372.242240	-0.000185
371.651600	0.000602
371.060930	0.000575
370.470230	0.000031
369.879490	0.000000
369.288730	-0.000474
368.697930	0.000000
368.107110	-0.000072
367.516250	-0.000442
366.925360	-0.000187
366.334440	-0.000073
365.743490	0.000293
365.152510	0.000084
364.561490	0.000463
363.970450	0.000275
363.379370	-0.000318
362.788260	-0.000297
362.197120	0.000319
361.605950	0.000074
361.014750	0.000011
360.423520	0.000011
359.832260	0.000086
359.240970	-0.000261
358.649640	-0.000345
358.058290	0.000608
357.466900	0.000432
356.875480	-0.000856
356.284030	-0.000044
355.692550	0.000275
355.101040	0.000534
354.509500	-0.000110
353.917930	0.000323
353.326330	-0.000256
352.734700	0.000412
352.143030	0.000155
351.551340	-0.000212
350.959610	0.000405
350.367850	0.000181
349.776070	0.000168
349.184250	0.000423
348.592400	0.000214
348.000520	0.000102
347.408610	-0.000011
346.816670	-0.000045
346.224700	-0.000599
345.632700	0.000299
345.040670	-0.000183
344.448610	0.000206
343.856510	0.000617
343.264390	-0.000114
342.672240	0.000708
342.080050	0.000347
341.487840	0.000664
340.895590	0.000023
340.303320	0.000023
339.711010	0.000115
339.118680	0.000262
338.526310	-0.000160
337.933910	0.000637
337.341480	-0.000114
336.749030	0.000286
336.156540	0.000551
335.564020	0.000137
334.971470	0.000192
334.378900	-0.000113
333.786290	0.000078
333.193650	0.000415
332.600980	0.000033
332.008280	0.000167
331.415550	-0.000077
330.822790	0.000120
330.230000	0.000109
329.637180	0.000390
