%% INTEG 5.0 AVG 100.0 SMOOTH 4
1032.386440	0.311923
1031.845090	0.311955
1031.303680	0.312735
1030.762230	0.307180
1030.220720	0.308763
1029.679150	0.316492
1029.137530	0.318064
1028.595860	0.314260
1028.054140	0.308987
1027.512360	0.315720
1026.970530	0.318740
1026.428650	0.311156
1025.886710	0.313143
1025.344720	0.311135
1024.802680	0.313160
1024.260580	0.305740
1023.718430	0.308948
1023.176230	0.314950
1022.633970	0.317356
1022.091660	0.312850
1021.549300	0.311316
1021.006890	0.313286
1020.464420	0.314032
1019.921900	0.312676
1019.379320	0.311414
1018.836700	0.312376
1018.294010	0.314532
1017.751280	0.310793
1017.208490	0.309979
1016.665660	0.314914
1016.122760	0.313937
1015.579820	0.311760
1015.036820	0.313131
1014.493770	0.312793
1013.950670	0.310966
1013.407510	0.316189
1012.864300	0.306059
1012.321040	0.312225
1011.777720	0.309043
1011.234360	0.310122
1010.690940	0.316040
1010.147460	0.311490
1009.603940	0.310353
1009.060360	0.310752
1008.516730	0.309656
1007.973040	0.307258
1007.429310	0.317799
1006.885520	0.311246
1006.341680	0.310751
1005.797780	0.315555
1005.253840	0.317025
1004.709840	0.315393
1004.165790	0.315643
1003.621680	0.319012
1003.077530	0.314484
1002.533320	0.315238
1001.989060	0.313728
1001.444740	0.310558
1000.900380	0.312271
1000.355960	0.313854
999.811490	0.314647
999.266970	0.320724
998.722390	0.320439
998.177760	0.316202
997.633080	0.315619
997.088350	0.318834
996.543570	0.316058
995.998730	0.310842
995.453840	0.320073
994.908900	0.316739
994.363910	0.313902
993.818860	0.319486
993.273760	0.314381
992.728610	0.321133
992.183410	0.321474
991.638160	0.311486
991.092850	0.317076
990.547500	0.319865
990.002090	0.327272
989.456630	0.319441
988.911110	0.315746
988.365550	0.321396
987.819930	0.317118
987.274260	0.324632
986.728540	0.321326
986.182770	0.318528
985.636940	0.320286
985.091060	0.318602
984.545140	0.322459
983.999160	0.322553
983.453120	0.321488
982.907040	0.320491
982.360900	0.319723
981.814720	0.318821
981.268480	0.323057
980.722190	0.321803
980.175840	0.315737
979.629450	0.319807
979.083000	0.321919
978.536510	0.322274
977.989960	0.318421
977.443360	0.320103
976.896710	0.319191
976.350000	0.318777
975.803250	0.320222
975.256440	0.321043
974.709580	0.319108
974.162670	0.314030
973.615710	0.322865
973.068700	0.319458
972.521640	0.319435
971.974520	0.318601
971.427360	0.318788
970.880140	0.318995
970.332870	0.318088
969.785550	0.319674
969.238180	0.316618
968.690760	0.322915
968.143280	0.317368
967.595760	0.320290
967.048180	0.318853
966.500550	0.318052
965.952870	0.316897
965.405140	0.316199
964.857360	0.315156
964.309530	0.316463
963.761650	0.319021
963.213710	0.318138
962.665730	0.315719
962.117690	0.321700
961.569610	0.318728
961.021470	0.320655
960.473280	0.320028
959.925040	0.317951
959.376750	0.317624
958.828400	0.315026
958.280010	0.318291
957.731570	0.318700
957.183070	0.312489
956.634530	0.312676
956.085930	0.314123
955.537280	0.317552
954.988580	0.316966
954.439840	0.314290
953.891040	0.310897
953.342190	0.311616
952.793290	0.319441
952.244330	0.314366
951.695330	0.314746
951.146280	0.313611
950.597170	0.313830
950.048020	0.319066
949.498820	0.313280
948.949560	0.316043
948.400250	0.315996
947.850900	0.313117
947.301490	0.313115
946.752030	0.312106
946.202530	0.315055
945.652970	0.311797
945.103360	0.309349
944.553700	0.310991
944.003990	0.307671
943.454230	0.310700
942.904420	0.310657
942.354560	0.308400
941.804650	0.312030
941.254690	0.306574
940.704670	0.308983
940.154610	0.306835
939.604500	0.308252
939.054340	0.309432
938.504120	0.307409
937.953860	0.304798
937.403550	0.305362
936.853190	0.305892
936.302770	0.306266
935.752310	0.304193
935.201790	0.306344
934.651230	0.305865
934.100620	0.304868
933.549950	0.299655
932.999240	0.302223
932.448480	0.300263
931.897660	0.302153
931.346800	0.301740
930.795880	0.297570
930.244920	0.300149
929.693910	0.296664
929.142840	0.298703
928.591730	0.298543
928.040570	0.295730
927.489350	0.296679
926.938090	0.295602
926.386780	0.297909
925.835420	0.296364
925.284010	0.298674
924.732540	0.294004
924.181030	0.293223
923.629470	0.293183
923.077860	0.294725
922.526200	0.291601
921.974490	0.292331
921.422730	0.292653
920.870920	0.288574
920.319060	0.293452
919.767150	0.292396
919.215190	0.288786
918.663190	0.290345
918.111130	0.288084
917.559020	0.286973
917.006870	0.286566
916.454660	0.288479
915.902400	0.287097
915.350100	0.284530
914.797750	0.283767
914.245340	0.285665
913.692890	0.282303
913.140390	0.283203
912.587840	0.279219
912.035240	0.279504
911.482590	0.278829
910.929890	0.278775
910.377140	0.278763
909.824340	0.276820
909.271490	0.276957
908.718600	0.277695
908.165650	0.278251
907.612660	0.277191
907.059620	0.274114
906.506520	0.276228
905.953380	0.276690
905.400190	0.274206
904.846950	0.273506
904.293660	0.273003
903.740320	0.271945
903.186940	0.275715
902.633500	0.272511
902.080020	0.272913
901.526480	0.273001
900.972900	0.270360
900.419270	0.271423
899.865590	0.270909
899.311860	0.270295
898.758080	0.269536
898.204250	0.270496
897.650380	0.272903
897.096450	0.270126
896.542480	0.271066
895.988460	0.269508
895.434390	0.269667
894.880270	0.271727
894.326100	0.269110
893.771880	0.270330
893.217620	0.269053
892.663300	0.269085
892.108940	0.270372
891.554530	0.268963
891.000070	0.269961
890.445560	0.270704
889.891000	0.270609
889.336400	0.269644
888.781740	0.270142
888.227040	0.269913
887.672290	0.269136
887.117490	0.266452
886.562640	0.265566
886.007740	0.268310
885.452800	0.268007
884.897810	0.266998
884.342770	0.266760
883.787680	0.268018
883.232540	0.265044
882.677350	0.265509
882.122120	0.264255
881.566830	0.265036
881.011500	0.267071
880.456120	0.266278
879.900690	0.263103
879.345220	0.263083
878.789700	0.264243
878.234120	0.264406
877.678500	0.262424
877.122830	0.261741
876.567120	0.259973
876.011350	0.260852
875.455540	0.259287
874.899680	0.259353
874.343770	0.257322
873.787820	0.261664
873.231810	0.260648
872.675760	0.261607
872.119660	0.260909
871.563510	0.260570
871.007310	0.261683
870.451070	0.259773
869.894780	0.259283
869.338440	0.261499
868.782050	0.259397
868.225610	0.258947
867.669130	0.260523
867.112600	0.259454
866.556020	0.261302
865.999390	0.261549
865.442720	0.262186
864.886000	0.260159
864.329230	0.261856
863.772410	0.260947
863.215550	0.261498
862.658630	0.261063
862.101670	0.258600
861.544670	0.261255
860.987610	0.260596
860.430510	0.261483
859.873360	0.260100
859.316160	0.261368
858.758920	0.259388
858.201620	0.258750
857.644280	0.260776
857.086900	0.257338
856.529460	0.259494
855.971980	0.258015
855.414450	0.259182
854.856870	0.256401
854.299250	0.258565
853.741580	0.256973
853.183860	0.256308
852.626090	0.255964
852.068280	0.253817
851.510420	0.254242
850.952510	0.253505
850.394550	0.255428
849.836550	0.253317
849.278500	0.253372
848.720410	0.252542
848.162260	0.253587
847.604070	0.252370
847.045830	0.249908
846.487550	0.249884
845.929220	0.248297
845.370840	0.248936
844.812410	0.247651
844.253940	0.247425
843.695420	0.246741
843.136850	0.245961
842.578240	0.243539
842.019580	0.246130
841.460870	0.246057
840.902120	0.244625
840.343310	0.243599
839.784470	0.241953
839.225570	0.241050
838.666630	0.240995
838.107640	0.239446
837.548610	0.241031
836.989520	0.239746
836.430390	0.238317
835.871220	0.238050
835.312000	0.236677
834.752730	0.234751
834.193410	0.233975
833.634050	0.233346
833.074640	0.230719
832.515190	0.231414
831.955680	0.232966
831.396140	0.230730
830.836540	0.230439
830.276900	0.225834
829.717210	0.226292
829.157480	0.225528
828.597700	0.225468
828.037870	0.225701
827.478000	0.223885
826.918080	0.224317
826.358110	0.221220
825.798100	0.223540
825.238040	0.220635
824.677930	0.219700
824.117780	0.219292
823.557580	0.217863
822.997340	0.217390
822.437050	0.215545
821.876710	0.215481
821.316330	0.213222
820.755900	0.215076
820.195420	0.211418
819.634900	0.211182
819.074330	0.209987
818.513720	0.208465
817.953060	0.208666
817.392350	0.207015
816.831600	0.205645
816.270800	0.205695
815.709960	0.204205
815.149070	0.203751
814.588130	0.203498
814.027150	0.201472
813.466120	0.201811
812.905050	0.198229
812.343930	0.198635
811.782770	0.196398
811.221550	0.195217
810.660300	0.194724
810.098990	0.192795
809.537650	0.190939
808.976250	0.192892
808.414810	0.191369
807.853320	0.190042
807.291790	0.187767
806.730210	0.187609
806.168590	0.186407
805.606920	0.183180
805.045210	0.185400
804.483450	0.182405
803.921640	0.182294
803.359790	0.181920
802.797890	0.180963
802.235950	0.178050
801.673960	0.179328
801.111930	0.175738
800.549850	0.175721
799.987720	0.174709
799.425550	0.174814
798.863340	0.173259
798.301080	0.172381
797.738770	0.173162
797.176420	0.170080
796.614020	0.170813
796.051580	0.169329
795.489090	0.167900
794.926560	0.168122
794.363980	0.166669
793.801350	0.168168
793.238690	0.165809
792.675970	0.164120
792.113210	0.162379
791.550410	0.163286
790.987560	0.164664
790.424660	0.163298
789.861720	0.161600
789.298740	0.161182
788.735710	0.159352
788.172630	0.161079
787.609510	0.160479
787.046340	0.159172
786.483130	0.158377
785.919880	0.158515
785.356580	0.159250
784.793230	0.156619
784.229840	0.157562
783.666410	0.156958
783.102920	0.155339
782.539400	0.157654
781.975830	0.156762
781.412210	0.152902
780.848550	0.153792
780.284850	0.154514
779.721100	0.154069
779.157310	0.153237
778.593470	0.154559
778.029580	0.153067
777.465650	0.152285
776.901680	0.153398
776.337660	0.151615
775.773600	0.150472
775.209490	0.150487
774.645340	0.150167
774.081140	0.149915
773.516900	0.148123
772.952620	0.148888
772.388290	0.148760
771.823910	0.147146
771.259490	0.147062
770.695030	0.147672
770.130520	0.146252
769.565970	0.145876
769.001370	0.145451
768.436730	0.145517
767.872040	0.144927
767.307310	0.143669
766.742540	0.143438
766.177720	0.143902
765.612860	0.142071
765.047950	0.141235
764.483000	0.140279
763.918000	0.139604
763.352960	0.139726
762.787880	0.138646
762.222750	0.138967
761.657570	0.137054
761.092360	0.136253
760.527090	0.135354
759.961790	0.134360
759.396440	0.133292
758.831050	0.133065
758.265610	0.131586
757.700130	0.131936
757.134600	0.130611
756.569030	0.129108
756.003420	0.129413
755.437760	0.126555
754.872060	0.127219
754.306310	0.125937
753.740520	0.124454
753.174690	0.123012
752.608810	0.120954
752.042890	0.120648
751.476920	0.118977
750.910910	0.119011
750.344860	0.116792
749.778760	0.116108
749.212620	0.116071
748.646440	0.113891
748.080210	0.112520
747.513940	0.111507
746.947620	0.110405
746.381260	0.109823
745.814860	0.108381
745.248410	0.106837
744.681920	0.106234
744.115390	0.104604
743.548810	0.103731
742.982190	0.102489
742.415530	0.101294
741.848820	0.100576
741.282070	0.099728
740.715270	0.098243
740.148430	0.096736
739.581550	0.097202
739.014630	0.095050
738.447660	0.095228
737.880650	0.093991
737.313590	0.092020
736.746490	0.092343
736.179350	0.091507
735.612160	0.089588
735.044940	0.089959
734.477660	0.088914
733.910350	0.088234
733.342990	0.087299
732.775590	0.087268
732.208140	0.086820
731.640650	0.086834
731.073120	0.085363
730.505550	0.085119
729.937930	0.085622
729.370270	0.084210
728.802570	0.083830
728.234820	0.083688
727.667030	0.082890
727.099200	0.083288
726.531320	0.082829
725.963400	0.082729
725.395440	0.082730
724.827440	0.082402
724.259390	0.082901
723.691300	0.082170
723.123160	0.082051
722.554990	0.082789
721.986770	0.082268
721.418500	0.081837
720.850200	0.082258
720.281850	0.082498
719.713460	0.082845
719.145030	0.081694
718.576550	0.082261
718.008030	0.082422
717.439470	0.082687
716.870870	0.082261
716.302220	0.082821
715.733530	0.082010
715.164800	0.081961
714.596020	0.082393
714.027200	0.082617
713.458340	0.083120
712.889440	0.083049
712.320500	0.082624
711.751510	0.082713
711.182480	0.082385
710.613410	0.082110
710.044290	0.082136
709.475130	0.082960
708.905930	0.082486
708.336690	0.081182
707.767410	0.081226
707.198080	0.081197
706.628710	0.081374
706.059300	0.081202
705.489840	0.081250
704.920350	0.080707
704.350810	0.080316
703.781230	0.080043
703.211600	0.079938
702.641940	0.079794
702.072230	0.079339
701.502480	0.078724
700.932690	0.078762
700.362850	0.078231
699.792980	0.077794
699.223060	0.077293
698.653100	0.077525
698.083100	0.076848
697.513050	0.075854
696.942960	0.075780
696.372840	0.075498
695.802660	0.074319
695.232450	0.073702
694.662200	0.074037
694.091900	0.073588
693.521560	0.072988
692.951180	0.073055
692.380760	0.071622
691.810300	0.071626
691.239790	0.070715
690.669240	0.070993
690.098650	0.069987
689.528020	0.070230
688.957350	0.068637
688.386630	0.068263
687.815880	0.067887
687.245080	0.067119
686.674240	0.066615
686.103360	0.065585
685.532430	0.064504
684.961470	0.064691
684.390460	0.063437
683.819420	0.062798
683.248330	0.061882
682.677190	0.061730
682.106020	0.060695
681.534810	0.060381
680.963550	0.059947
680.392250	0.058902
679.820920	0.057710
679.249540	0.057535
678.678110	0.056307
678.106650	0.055346
677.535150	0.054353
676.963600	0.054029
676.392010	0.053221
675.820390	0.052080
675.248720	0.051744
674.677010	0.050816
674.105250	0.049735
673.533460	0.048910
672.961630	0.048547
672.389750	0.046674
671.817830	0.046531
671.245870	0.046211
670.673870	0.045335
670.101830	0.044151
669.529750	0.043684
668.957630	0.042395
668.385470	0.041319
667.813260	0.041105
667.241020	0.040628
666.668730	0.039264
666.096400	0.038813
665.524030	0.037973
664.951620	0.037392
664.379170	0.036389
663.806680	0.035641
663.234150	0.035344
662.661570	0.034554
662.088960	0.033937
661.516300	0.033267
660.943610	0.033220
660.370870	0.032448
659.798090	0.032044
659.225270	0.031481
658.652410	0.030975
658.079510	0.030388
657.506570	0.030206
656.933590	0.029799
656.360570	0.028998
655.787510	0.029168
655.214400	0.028429
654.641260	0.028434
654.068080	0.027997
653.494850	0.027652
652.921580	0.027422
652.348280	0.027253
651.774930	0.027063
651.201540	0.026395
650.628120	0.026710
650.054650	0.026462
649.481140	0.026189
648.907590	0.026133
648.334000	0.025894
647.760370	0.025624
647.186700	0.025369
646.612990	0.025382
646.039240	0.025391
645.465450	0.025586
644.891620	0.025319
644.317740	0.025098
643.743830	0.025565
643.169880	0.024671
642.595890	0.025050
642.021850	0.024930
641.447780	0.024939
640.873670	0.025122
640.299510	0.025243
639.725320	0.025137
639.151090	0.024921
638.576810	0.025009
638.002500	0.025322
637.428150	0.025113
636.853750	0.025124
636.279320	0.024761
635.704840	0.025385
635.130330	0.025093
634.555780	0.024957
633.981180	0.025199
633.406550	0.025055
632.831880	0.025907
632.257160	0.025433
631.682410	0.025108
631.107620	0.025022
630.532780	0.025279
629.957910	0.025424
629.383000	0.025074
628.808040	0.025175
628.233050	0.025713
627.658020	0.025576
627.082950	0.025739
626.507840	0.025899
625.932690	0.025623
625.357500	0.025685
624.782270	0.025971
624.207000	0.026146
623.631690	0.025847
623.056340	0.026407
622.480950	0.026220
621.905520	0.026251
621.330050	0.026344
620.754550	0.026994
620.179000	0.026481
619.603410	0.027124
619.027790	0.027538
618.452120	0.027610
617.876420	0.028475
617.300680	0.027992
616.724890	0.028674
616.149070	0.028915
615.573210	0.029042
614.997310	0.029165
614.421370	0.030280
613.845390	0.030443
613.269370	0.031111
612.693310	0.031363
612.117210	0.032186
611.541080	0.032496
610.964900	0.033183
610.388690	0.033748
609.812430	0.035013
609.236140	0.035058
608.659810	0.036639
608.083430	0.037014
607.507020	0.037904
606.930570	0.038955
606.354090	0.039750
605.777560	0.041043
605.200990	0.042177
604.624390	0.043014
604.047740	0.043936
603.471060	0.046022
602.894340	0.046790
602.317580	0.048347
601.740780	0.049445
601.163940	0.050374
600.587060	0.052471
600.010140	0.054343
599.433190	0.055278
598.856190	0.056808
598.279160	0.058988
597.702090	0.060003
597.124980	0.061667
596.547830	0.063541
595.970640	0.065380
595.393420	0.067194
594.816150	0.069459
594.238850	0.070620
593.661500	0.073372
593.084120	0.075422
592.506700	0.077537
591.929250	0.079177
591.351750	0.081496
590.774210	0.083001
590.196640	0.085245
589.619030	0.087605
589.041380	0.089326
588.463690	0.091115
587.885960	0.093148
587.308200	0.095535
586.730390	0.097169
586.152550	0.099210
585.574670	0.100842
584.996750	0.103185
584.418790	0.105052
583.840800	0.106590
583.262760	0.108121
582.684690	0.110196
582.106580	0.111706
581.528430	0.113132
580.950250	0.115502
580.372020	0.116742
579.793760	0.118575
579.215460	0.120171
578.637120	0.121720
578.058740	0.122939
577.480320	0.124322
576.901870	0.125419
576.323380	0.127509
575.744850	0.128771
575.166280	0.129040
574.587670	0.131318
574.009030	0.132686
573.430350	0.133211
572.851630	0.134813
572.272870	0.136353
571.694080	0.137767
571.115240	0.138485
570.536370	0.140579
569.957460	0.140620
569.378520	0.143142
568.799530	0.143016
568.220510	0.144952
567.641450	0.145833
567.062350	0.146496
566.483220	0.147526
565.904040	0.149063
565.324830	0.149547
564.745580	0.151441
564.166300	0.152728
563.586970	0.153215
563.007610	0.152942
562.428210	0.154858
561.848780	0.156073
561.269300	0.156739
560.689790	0.157602
560.110240	0.157539
559.530660	0.158932
558.951030	0.159658
558.371370	0.160934
557.791670	0.160656
557.211940	0.161812
556.632160	0.162001
556.052350	0.163346
555.472500	0.163666
554.892620	0.164504
554.312690	0.164791
553.732730	0.164998
553.152740	0.166094
552.572700	0.165558
551.992630	0.166774
551.412520	0.166715
550.832370	0.167298
550.252190	0.168086
549.671970	0.168428
549.091710	0.168292
548.511410	0.168452
547.931080	0.168476
547.350710	0.168701
546.770310	0.169160
546.189860	0.169076
545.609380	0.169440
545.028860	0.169191
544.448310	0.170005
543.867720	0.169645
543.287090	0.169614
542.706420	0.169148
542.125720	0.169711
541.544980	0.170419
540.964210	0.169242
540.383390	0.168177
539.802540	0.169450
539.221660	0.168279
538.640730	0.169831
538.059770	0.168322
537.478780	0.168617
536.897740	0.167700
536.316670	0.167601
535.735560	0.166470
535.154420	0.166605
534.573240	0.165867
533.992020	0.165114
533.410770	0.164430
532.829480	0.164321
532.248150	0.163719
531.666790	0.163493
531.085390	0.162174
530.503950	0.162124
529.922480	0.161665
529.340970	0.160730
528.759420	0.160536
528.177840	0.160428
527.596220	0.158809
527.014560	0.158334
526.432870	0.157601
525.851140	0.156216
525.269380	0.156409
524.687580	0.154571
524.105740	0.154300
523.523860	0.152601
522.941950	0.151793
522.360010	0.151820
521.778030	0.151267
521.196010	0.149686
520.613950	0.149473
520.031860	0.146910
519.449730	0.146819
518.867570	0.145616
518.285370	0.143304
517.703130	0.142488
517.120860	0.142319
516.538550	0.140717
515.956210	0.140020
515.373830	0.137068
514.791410	0.137110
514.208960	0.137063
513.626470	0.133742
513.043950	0.133196
512.461390	0.133603
511.878790	0.130713
511.296160	0.129781
510.713490	0.128215
510.130790	0.127581
509.548050	0.125506
508.965270	0.124743
508.382460	0.122883
507.799620	0.121251
507.216730	0.120062
506.633820	0.119490
506.050860	0.118249
505.467870	0.116920
504.884850	0.114540
504.301780	0.113119
503.718690	0.112391
503.135550	0.110581
502.552390	0.108773
501.969180	0.106652
501.385940	0.106515
500.802670	0.103721
500.219360	0.102026
499.636010	0.100712
499.052630	0.100183
498.469210	0.097705
497.885760	0.095960
497.302270	0.094480
496.718750	0.092782
496.135190	0.090929
495.551590	0.089299
494.967960	0.086947
494.384300	0.085404
493.800600	0.084185
493.216860	0.082770
492.633090	0.081515
492.049290	0.079614
491.465440	0.077589
490.881570	0.076166
490.297650	0.074236
489.713710	0.073468
489.129720	0.071355
488.545710	0.069679
487.961650	0.067910
487.377570	0.066301
486.793440	0.064662
486.209290	0.063127
485.625090	0.061924
485.040860	0.059643
484.456600	0.058464
483.872300	0.057225
483.287970	0.055767
482.703600	0.053296
482.119200	0.052491
481.534760	0.050576
480.950290	0.049194
480.365780	0.047556
479.781230	0.045951
479.196660	0.044507
478.612040	0.043455
478.027400	0.041826
477.442710	0.039626
476.858000	0.038447
476.273240	0.037063
475.688460	0.035805
475.103640	0.034288
474.518780	0.033435
473.933890	0.031734
473.348960	0.030159
472.764000	0.029470
472.179010	0.027939
471.593980	0.026714
471.008920	0.025902
470.423820	0.024407
469.838680	0.023418
469.253520	0.022654
468.668310	0.021544
468.083080	0.020509
467.497810	0.019219
466.912500	0.018198
466.327160	0.017556
465.741790	0.016719
465.156380	0.016149
464.570930	0.014570
463.985460	0.014200
463.399940	0.013444
462.814400	0.012653
462.228820	0.012247
461.643200	0.011386
461.057550	0.010524
460.471870	0.010015
459.886150	0.009412
459.300400	0.009236
458.714610	0.008133
458.128790	0.008057
457.542940	0.007114
456.957050	0.006868
456.371130	0.006246
455.785170	0.005725
455.199180	0.005684
454.613150	0.005112
454.027090	0.004753
453.441000	0.004467
452.854870	0.004171
452.268710	0.003943
451.682520	0.003571
451.096290	0.003322
450.510020	0.003313
449.923730	0.002725
449.337400	0.002565
448.751030	0.002273
448.164630	0.002178
447.578200	0.001987
446.991730	0.002193
446.405230	0.001946
445.818700	0.001451
445.232130	0.001371
444.645530	0.001556
444.058900	0.001472
443.472230	0.001541
442.885530	0.001355
442.298790	0.001197
441.712020	0.000823
441.125220	0.001005
440.538380	0.000582
439.951510	0.000750
439.364600	0.000933
438.777670	0.000606
438.190690	0.000837
437.603690	0.000726
437.016650	0.000528
436.429580	0.000585
435.842470	0.000289
435.255330	0.000611
434.668160	0.000585
434.080960	0.000713
433.493720	0.000587
432.906450	0.000381
432.319140	0.000346
431.731800	0.000425
431.144430	0.000616
430.557020	0.000306
429.969580	0.000417
429.382110	0.000535
428.794610	0.000460
428.207070	0.000401
427.619500	0.000674
427.031890	0.000387
426.444250	0.000546
425.856580	0.000481
425.268880	0.000684
424.681140	0.000491
424.093370	0.000242
423.505570	0.000583
422.917730	0.000367
422.329860	0.000636
421.741960	0.000248
421.154020	0.000518
420.566050	0.000077
419.978050	0.000386
419.390020	0.000383
418.801950	0.000718
418.213850	0.000349
417.625710	0.000397
417.037550	0.000309
416.449350	0.000589
415.861120	0.000479
415.272850	0.000340
414.684560	0.000463
414.096230	0.000457
413.507860	0.000332
412.919470	0.000522
412.331040	0.000350
411.742580	0.000494
411.154080	0.000458
410.565560	0.000371
409.977000	0.000477
409.388410	0.000246
408.799780	0.000311
408.211130	0.000384
407.622440	0.000429
407.033720	0.000497
406.444960	0.000534
405.856180	0.000306
405.267360	0.000397
404.678500	0.000395
404.089620	0.000775
403.500700	0.000681
402.911760	0.000881
402.322770	0.000431
401.733760	0.000702
401.144710	0.000874
400.555640	0.000726
399.966530	0.000894
399.377380	0.000376
398.788210	0.000512
398.199000	0.000641
397.609760	0.000495
397.020490	0.000347
396.431180	0.000536
395.841850	0.000833
395.252480	0.000562
394.663080	0.000541
394.073650	0.000227
393.484180	0.000441
392.894690	0.000851
392.305160	0.000360
391.715600	0.000609
391.126000	0.000709
390.536380	0.000860
389.946720	-0.000543
389.357030	0.000673
388.767310	0.000415
388.177560	0.000401
387.587770	0.000909
386.997960	0.000940
386.408110	0.000929
385.818230	0.000424
385.228320	0.000757
384.638370	0.000994
384.048400	0.000481
383.458390	0.001023
382.868350	0.000822
382.278280	0.000488
381.688180	0.000969
381.098040	0.000740
380.507880	0.000310
379.917680	0.000791
379.327450	0.000562
378.737190	0.000821
378.146900	0.000840
377.556570	0.000439
376.966220	0.000353
376.375830	0.000921
375.785410	0.001275
375.194960	0.001279
374.604480	0.000839
374.013970	0.000731
373.423420	0.000674
372.832850	0.000703
372.242240	0.000421
371.651600	0.001154
371.060930	0.001087
370.470230	0.000769
369.879490	0.001099
369.288730	0.000412
368.697930	0.000208
368.107110	0.000783
367.516250	0.000579
366.925360	0.001091
366.334440	0.000531
365.743490	0.001245
365.152510	0.000958
364.561490	0.000474
363.970450	0.001068
363.379370	0.000456
362.788260	0.000966
362.197120	0.001371
361.605950	0.001011
361.014750	0.001226
360.423520	0.000139
359.832260	0.000785
359.240970	0.000597
358.649640	0.000614
358.058290	0.001369
357.466900	0.000389
356.875480	0.000303
356.284030	0.000539
355.692550	0.001310
355.101040	0.001570
354.509500	0.000527
353.917930	0.000812
353.326330	0.001001
352.734700	0.000736
352.143030	0.001449
351.551340	0.000447
350.959610	0.001124
350.367850	0.000824
349.776070	0.001190
349.184250	0.000891
348.592400	0.000993
348.000520	0.001168
347.408610	0.000568
346.816670	0.001047
346.224700	0.000350
345.632700	0.001254
345.040670	0.000275
344.448610	0.001090
343.856510	0.001554
343.264390	0.000984
342.672240	0.001118
342.080050	0.001144
341.487840	0.001259
340.895590	0.000941
340.303320	0.001190
339.711010	0.000714
339.118680	0.001209
338.526310	0.001108
337.933910	0.001320
337.341480	0.001223
336.749030	0.000697
336.156540	0.001045
335.564020	0.000968
334.971470	0.001264
334.378900	0.000631
333.786290	0.000917
333.193650	0.001345
332.600980	0.000759
332.008280	0.001090
331.415550	0.000538
330.822790	0.000838
330.230000	0.001076
329.637180	0.000964
