%% INTEG 5.0 AVG 100.0 SMOOTH 4
1032.386440	0.428970
1031.845090	0.436164
1031.303680	0.412406
1030.762230	0.431290
1030.220720	0.428128
1029.679150	0.436816
1029.137530	0.427667
1028.595860	0.434197
1028.054140	0.432186
1027.512360	0.433044
1026.970530	0.432591
1026.428650	0.426913
1025.886710	0.426435
1025.344720	0.427784
1024.802680	0.430856
1024.260580	0.423669
1023.718430	0.427154
1023.176230	0.426896
1022.633970	0.433131
1022.091660	0.429544
1021.549300	0.428741
1021.006890	0.423742
1020.464420	0.430720
1019.921900	0.431073
1019.379320	0.434625
1018.836700	0.427641
1018.294010	0.430338
1017.751280	0.430522
1017.208490	0.431172
1016.665660	0.427693
1016.122760	0.431034
1015.579820	0.425906
1015.036820	0.426790
1014.493770	0.431175
1013.950670	0.426307
1013.407510	0.435602
1012.864300	0.429168
1012.321040	0.430999
1011.777720	0.433765
1011.234360	0.427592
1010.690940	0.437333
1010.147460	0.433315
1009.603940	0.429605
1009.060360	0.432958
1008.516730	0.433380
1007.973040	0.429596
1007.429310	0.427571
1006.885520	0.430668
1006.341680	0.431664
1005.797780	0.432763
1005.253840	0.438498
1004.709840	0.425332
1004.165790	0.432929
1003.621680	0.424048
1003.077530	0.431469
1002.533320	0.434571
1001.989060	0.427265
1001.444740	0.427277
1000.900380	0.429531
1000.355960	0.436361
999.811490	0.436900
999.266970	0.437303
998.722390	0.432160
998.177760	0.430875
997.633080	0.436317
997.088350	0.436674
996.543570	0.433522
995.998730	0.431176
995.453840	0.437152
994.908900	0.435132
994.363910	0.428232
993.818860	0.431150
993.273760	0.429556
992.728610	0.435365
992.183410	0.441775
991.638160	0.432301
991.092850	0.438099
990.547500	0.435578
990.002090	0.438955
989.456630	0.440313
988.911110	0.439258
988.365550	0.440176
987.819930	0.436895
987.274260	0.438394
986.728540	0.438826
986.182770	0.439875
985.636940	0.438234
985.091060	0.441427
984.545140	0.435772
983.999160	0.435091
983.453120	0.430452
982.907040	0.437612
982.360900	0.437466
981.814720	0.438133
981.268480	0.442055
980.722190	0.439671
980.175840	0.434204
979.629450	0.439085
979.083000	0.438529
978.536510	0.440508
977.989960	0.437108
977.443360	0.438902
976.896710	0.434885
976.350000	0.437887
975.803250	0.435500
975.256440	0.437878
974.709580	0.436447
974.162670	0.430935
973.615710	0.441258
973.068700	0.437281
972.521640	0.436989
971.974520	0.436531
971.427360	0.437149
970.880140	0.436454
970.332870	0.434135
969.785550	0.437637
969.238180	0.438222
968.690760	0.433530
968.143280	0.437830
967.595760	0.432935
967.048180	0.437895
966.500550	0.435416
965.952870	0.433199
965.405140	0.436644
964.857360	0.437593
964.309530	0.430450
963.761650	0.434548
963.213710	0.433994
962.665730	0.437938
962.117690	0.439388
961.569610	0.437913
961.021470	0.432782
960.473280	0.439087
959.925040	0.434402
959.376750	0.432993
958.828400	0.432775
958.280010	0.432097
957.731570	0.433554
957.183070	0.434534
956.634530	0.430952
956.085930	0.430548
955.537280	0.434338
954.988580	0.434198
954.439840	0.428991
953.891040	0.426877
953.342190	0.431921
952.793290	0.433668
952.244330	0.435659
951.695330	0.433615
951.146280	0.434429
950.597170	0.431663
950.048020	0.434215
949.498820	0.429465
948.949560	0.430849
948.400250	0.432341
947.850900	0.429018
947.301490	0.430356
946.752030	0.427712
946.202530	0.426370
945.652970	0.426539
945.103360	0.424836
944.553700	0.426847
944.003990	0.427953
943.454230	0.430633
942.904420	0.429112
942.354560	0.425366
941.804650	0.429808
941.254690	0.423788
940.704670	0.431221
940.154610	0.423872
939.604500	0.424152
939.054340	0.423829
938.504120	0.421907
937.953860	0.426497
937.403550	0.424362
936.853190	0.421625
936.302770	0.424215
935.752310	0.419214
935.201790	0.420767
934.651230	0.419412
934.100620	0.419635
933.549950	0.418403
932.999240	0.416810
932.448480	0.420573
931.897660	0.417303
931.346800	0.414938
930.795880	0.412555
930.244920	0.416334
929.693910	0.416705
929.142840	0.419333
928.591730	0.415648
928.040570	0.412072
927.489350	0.412722
926.938090	0.409190
926.386780	0.410871
925.835420	0.412806
925.284010	0.413575
924.732540	0.411393
924.181030	0.410419
923.629470	0.409745
923.077860	0.406789
922.526200	0.408992
921.974490	0.407405
921.422730	0.408214
920.870920	0.406261
920.319060	0.403427
919.767150	0.407414
919.215190	0.403591
918.663190	0.407396
918.111130	0.405663
917.559020	0.402276
917.006870	0.403116
916.454660	0.402720
915.902400	0.402807
915.350100	0.399818
914.797750	0.400487
914.245340	0.399716
913.692890	0.400463
913.140390	0.401390
912.587840	0.396919
912.035240	0.396194
911.482590	0.395727
910.929890	0.396701
910.377140	0.394866
909.824340	0.391101
909.271490	0.393599
908.718600	0.393840
908.165650	0.393361
907.612660	0.395761
907.059620	0.392075
906.506520	0.393879
905.953380	0.391282
905.400190	0.390065
904.846950	0.388408
904.293660	0.385172
903.740320	0.387229
903.186940	0.387518
902.633500	0.388995
902.080020	0.387277
901.526480	0.384840
900.972900	0.384987
900.419270	0.386558
899.865590	0.385149
899.311860	0.385993
898.758080	0.384920
898.204250	0.388488
897.650380	0.387800
897.096450	0.387773
896.542480	0.390258
895.988460	0.386144
895.434390	0.385182
894.880270	0.386403
894.326100	0.384279
893.771880	0.384756
893.217620	0.386364
892.663300	0.384833
892.108940	0.385121
891.554530	0.386355
891.000070	0.386569
890.445560	0.388958
889.891000	0.386551
889.336400	0.384012
888.781740	0.386028
888.227040	0.386823
887.672290	0.382767
887.117490	0.383231
886.562640	0.384609
886.007740	0.382654
885.452800	0.386229
884.897810	0.381630
884.342770	0.382535
883.787680	0.381700
883.232540	0.379345
882.677350	0.379242
882.122120	0.380817
881.566830	0.378726
881.011500	0.381278
880.456120	0.382665
879.900690	0.379206
879.345220	0.377819
878.789700	0.377126
878.234120	0.377812
877.678500	0.377914
877.122830	0.377906
876.567120	0.373469
876.011350	0.375512
875.455540	0.375498
874.899680	0.377083
874.343770	0.371185
873.787820	0.376889
873.231810	0.375642
872.675760	0.375286
872.119660	0.376789
871.563510	0.372958
871.007310	0.376214
870.451070	0.373692
869.894780	0.375084
869.338440	0.376604
868.782050	0.373865
868.225610	0.373437
867.669130	0.375720
867.112600	0.377234
866.556020	0.376929
865.999390	0.377124
865.442720	0.377713
864.886000	0.376403
864.329230	0.376351
863.772410	0.377428
863.215550	0.377411
862.658630	0.378446
862.101670	0.375230
861.544670	0.374376
860.987610	0.376690
860.430510	0.374452
859.873360	0.374518
859.316160	0.376058
858.758920	0.376268
858.201620	0.377166
857.644280	0.375528
857.086900	0.372455
856.529460	0.374733
855.971980	0.372956
855.414450	0.374697
854.856870	0.370217
854.299250	0.374042
853.741580	0.373648
853.183860	0.370549
852.626090	0.370336
852.068280	0.371772
851.510420	0.370456
850.952510	0.369703
850.394550	0.369915
849.836550	0.369472
849.278500	0.369913
848.720410	0.367979
848.162260	0.367505
847.604070	0.364884
847.045830	0.364539
846.487550	0.363399
845.929220	0.364646
845.370840	0.362749
844.812410	0.362292
844.253940	0.360848
843.695420	0.361024
843.136850	0.360051
842.578240	0.359440
842.019580	0.361389
841.460870	0.358861
840.902120	0.359617
840.343310	0.359626
839.784470	0.358009
839.225570	0.358633
838.666630	0.354957
838.107640	0.355221
837.548610	0.356049
836.989520	0.350636
836.430390	0.349489
835.871220	0.350544
835.312000	0.350413
834.752730	0.348734
834.193410	0.348979
833.634050	0.343656
833.074640	0.346051
832.515190	0.344778
831.955680	0.347581
831.396140	0.344499
830.836540	0.340997
830.276900	0.340352
829.717210	0.339907
829.157480	0.339392
828.597700	0.338889
828.037870	0.339104
827.478000	0.338034
826.918080	0.337085
826.358110	0.334599
825.798100	0.333871
825.238040	0.331217
824.677930	0.330584
824.117780	0.329303
823.557580	0.327434
822.997340	0.327633
822.437050	0.327962
821.876710	0.324968
821.316330	0.324335
820.755900	0.323971
820.195420	0.322017
819.634900	0.320632
819.074330	0.318692
818.513720	0.317665
817.953060	0.315389
817.392350	0.315377
816.831600	0.314718
816.270800	0.314627
815.709960	0.311054
815.149070	0.310524
814.588130	0.312195
814.027150	0.309592
813.466120	0.308230
812.905050	0.307601
812.343930	0.304588
811.782770	0.304930
811.221550	0.302202
810.660300	0.302324
810.098990	0.301626
809.537650	0.297848
808.976250	0.298047
808.414810	0.298224
807.853320	0.295074
807.291790	0.294128
806.730210	0.294714
806.168590	0.293332
805.606920	0.289830
805.045210	0.289546
804.483450	0.288796
803.921640	0.286466
803.359790	0.286964
802.797890	0.284807
802.235950	0.282614
801.673960	0.283778
801.111930	0.279399
800.549850	0.281038
799.987720	0.279285
799.425550	0.277002
798.863340	0.276497
798.301080	0.274379
797.738770	0.275669
797.176420	0.274559
796.614020	0.274617
796.051580	0.273333
795.489090	0.272760
794.926560	0.272895
794.363980	0.270931
793.801350	0.271004
793.238690	0.268597
792.675970	0.267546
792.113210	0.264229
791.550410	0.266075
790.987560	0.266662
790.424660	0.264389
789.861720	0.264491
789.298740	0.261186
788.735710	0.261846
788.172630	0.261400
787.609510	0.259725
787.046340	0.259380
786.483130	0.260145
785.919880	0.259189
785.356580	0.259686
784.793230	0.256047
784.229840	0.256686
783.666410	0.257930
783.102920	0.255511
782.539400	0.255699
781.975830	0.255193
781.412210	0.254918
780.848550	0.252584
780.284850	0.253955
779.721100	0.254555
779.157310	0.252142
778.593470	0.253873
778.029580	0.251630
777.465650	0.252343
776.901680	0.251247
776.337660	0.253507
775.773600	0.250215
775.209490	0.250383
774.645340	0.248137
774.081140	0.249057
773.516900	0.247697
772.952620	0.248981
772.388290	0.247515
771.823910	0.247624
771.259490	0.245205
770.695030	0.245943
770.130520	0.246584
769.565970	0.243337
769.001370	0.242213
768.436730	0.242888
767.872040	0.242865
767.307310	0.240208
766.742540	0.240548
766.177720	0.240509
765.612860	0.240715
765.047950	0.238817
764.483000	0.237783
763.918000	0.238376
763.352960	0.237457
762.787880	0.235419
762.222750	0.235350
761.657570	0.233465
761.092360	0.231672
760.527090	0.230555
759.961790	0.231499
759.396440	0.229493
758.831050	0.228254
758.265610	0.225918
757.700130	0.226076
757.134600	0.223004
756.569030	0.224131
756.003420	0.221592
755.437760	0.219934
754.872060	0.220049
754.306310	0.217776
753.740520	0.217169
753.174690	0.215066
752.608810	0.213475
752.042890	0.212569
751.476920	0.209574
750.910910	0.207797
750.344860	0.207486
749.778760	0.206829
749.212620	0.204545
748.646440	0.203074
748.080210	0.201390
747.513940	0.199330
746.947620	0.198162
746.381260	0.196926
745.814860	0.194697
745.248410	0.193915
744.681920	0.192224
744.115390	0.189776
743.548810	0.189005
742.982190	0.185979
742.415530	0.184164
741.848820	0.184784
741.282070	0.182885
740.715270	0.181161
740.148430	0.179801
739.581550	0.179473
739.014630	0.177165
738.447660	0.176991
737.880650	0.175690
737.313590	0.172419
736.746490	0.172419
736.179350	0.170533
735.612160	0.171037
735.044940	0.169398
734.477660	0.168557
733.910350	0.167270
733.342990	0.167349
732.775590	0.165648
732.208140	0.165062
731.640650	0.164829
731.073120	0.163567
730.505550	0.162716
729.937930	0.163620
729.370270	0.162508
728.802570	0.161301
728.234820	0.160086
727.667030	0.159607
727.099200	0.159998
726.531320	0.159094
725.963400	0.159353
725.395440	0.158555
724.827440	0.159878
724.259390	0.158569
723.691300	0.157904
723.123160	0.158929
722.554990	0.158929
721.986770	0.158078
721.418500	0.157883
720.850200	0.158172
720.281850	0.158160
719.713460	0.157746
719.145030	0.159180
718.576550	0.158041
718.008030	0.158541
717.439470	0.158749
716.870870	0.158926
716.302220	0.158989
715.733530	0.158977
715.164800	0.158775
714.596020	0.158844
714.027200	0.158421
713.458340	0.159160
712.889440	0.159385
712.320500	0.158957
711.751510	0.159258
711.182480	0.159275
710.613410	0.159348
710.044290	0.158624
709.475130	0.158264
708.905930	0.158343
708.336690	0.157390
707.767410	0.157334
707.198080	0.157757
706.628710	0.157202
706.059300	0.158196
705.489840	0.156171
704.920350	0.156744
704.350810	0.155708
703.781230	0.154900
703.211600	0.154205
702.641940	0.155106
702.072230	0.153922
701.502480	0.153797
700.932690	0.153549
700.362850	0.153003
699.792980	0.150794
699.223060	0.152031
698.653100	0.150652
698.083100	0.150306
697.513050	0.150121
696.942960	0.149023
696.372840	0.148938
695.802660	0.147366
695.232450	0.147133
694.662200	0.146909
694.091900	0.145747
693.521560	0.145685
692.951180	0.144955
692.380760	0.143699
691.810300	0.143337
691.239790	0.143000
690.669240	0.140946
690.098650	0.140380
689.528020	0.139653
688.957350	0.137851
688.386630	0.138187
687.815880	0.136564
687.245080	0.136629
686.674240	0.135069
686.103360	0.134378
685.532430	0.132716
684.961470	0.132119
684.390460	0.130708
683.819420	0.129637
683.248330	0.128730
682.677190	0.128203
682.106020	0.127148
681.534810	0.125192
680.963550	0.124026
680.392250	0.123453
679.820920	0.121466
679.249540	0.119911
678.678110	0.119765
678.106650	0.118274
677.535150	0.116676
676.963600	0.115413
676.392010	0.114391
675.820390	0.112421
675.248720	0.111852
674.677010	0.108984
674.105250	0.108961
673.533460	0.107200
672.961630	0.105460
672.389750	0.104164
671.817830	0.103238
671.245870	0.102213
670.673870	0.100513
670.101830	0.099645
669.529750	0.097627
668.957630	0.096976
668.385470	0.094918
667.813260	0.093659
667.241020	0.092401
666.668730	0.091530
666.096400	0.089783
665.524030	0.088707
664.951620	0.087229
664.379170	0.085776
663.806680	0.084979
663.234150	0.083968
662.661570	0.082264
662.088960	0.081206
661.516300	0.079790
660.943610	0.079702
660.370870	0.078198
659.798090	0.077434
659.225270	0.076802
658.652410	0.075917
658.079510	0.074966
657.506570	0.074093
656.933590	0.073567
656.360570	0.072831
655.787510	0.072169
655.214400	0.071832
654.641260	0.070658
654.068080	0.070079
653.494850	0.070215
652.921580	0.070104
652.348280	0.068455
651.774930	0.068755
651.201540	0.067670
650.628120	0.068060
650.054650	0.066891
649.481140	0.066956
648.907590	0.066279
648.334000	0.066028
647.760370	0.066393
647.186700	0.065415
646.612990	0.065377
646.039240	0.064959
645.465450	0.064761
644.891620	0.065000
644.317740	0.065378
643.743830	0.064083
643.169880	0.064850
642.595890	0.064692
642.021850	0.064371
641.447780	0.064908
640.873670	0.064659
640.299510	0.064692
639.725320	0.064433
639.151090	0.064615
638.576810	0.064575
638.002500	0.064276
637.428150	0.063357
636.853750	0.064756
636.279320	0.064609
635.704840	0.064976
635.130330	0.064131
634.555780	0.064950
633.981180	0.064133
633.406550	0.064250
632.831880	0.065664
632.257160	0.064819
631.682410	0.065462
631.107620	0.064943
630.532780	0.065324
629.957910	0.064479
629.383000	0.064871
628.808040	0.065496
628.233050	0.064814
627.658020	0.065336
627.082950	0.065503
626.507840	0.064980
625.932690	0.065933
625.357500	0.065983
624.782270	0.066148
624.207000	0.065933
623.631690	0.066883
623.056340	0.066256
622.480950	0.066433
621.905520	0.066630
621.330050	0.067486
620.754550	0.067457
620.179000	0.067503
619.603410	0.068641
619.027790	0.069046
618.452120	0.069363
617.876420	0.070340
617.300680	0.070055
616.724890	0.070819
616.149070	0.071306
615.573210	0.072182
614.997310	0.073476
614.421370	0.074485
613.845390	0.074117
613.269370	0.076139
612.693310	0.075990
612.117210	0.077584
611.541080	0.078522
610.964900	0.079976
610.388690	0.081544
609.812430	0.082425
609.236140	0.082926
608.659810	0.085218
608.083430	0.087170
607.507020	0.087873
606.930570	0.089611
606.354090	0.091158
605.777560	0.092798
605.200990	0.094797
604.624390	0.096702
604.047740	0.098653
603.471060	0.100931
602.894340	0.102623
602.317580	0.104380
601.740780	0.107255
601.163940	0.108807
600.587060	0.111594
600.010140	0.114537
599.433190	0.116512
598.856190	0.118915
598.279160	0.121523
597.702090	0.123467
597.124980	0.126376
596.547830	0.129408
595.970640	0.132355
595.393420	0.134563
594.816150	0.138759
594.238850	0.140087
593.661500	0.143962
593.084120	0.146672
592.506700	0.149601
591.929250	0.152858
591.351750	0.155823
590.774210	0.158270
590.196640	0.160949
589.619030	0.164254
589.041380	0.166850
588.463690	0.170155
587.885960	0.172425
587.308200	0.175048
586.730390	0.178103
586.152550	0.179537
585.574670	0.183839
584.996750	0.186880
584.418790	0.189219
583.840800	0.191587
583.262760	0.193321
582.684690	0.195641
582.106580	0.197784
581.528430	0.200362
580.950250	0.201673
580.372020	0.204831
579.793760	0.206595
579.215460	0.209313
578.637120	0.210363
578.058740	0.212862
577.480320	0.214635
576.901870	0.216361
576.323380	0.218417
575.744850	0.219479
575.166280	0.220315
574.587670	0.222449
574.009030	0.225525
573.430350	0.226177
572.851630	0.228601
572.272870	0.229553
571.694080	0.232021
571.115240	0.233176
570.536370	0.233847
569.957460	0.234884
569.378520	0.237017
568.799530	0.238901
568.220510	0.239756
567.641450	0.241186
567.062350	0.242309
566.483220	0.243676
565.904040	0.244827
565.324830	0.246370
564.745580	0.248016
564.166300	0.250028
563.586970	0.249760
563.007610	0.250578
562.428210	0.252062
561.848780	0.252951
561.269300	0.252609
560.689790	0.254745
560.110240	0.255150
559.530660	0.257478
558.951030	0.257698
558.371370	0.258925
557.791670	0.258889
557.211940	0.260411
556.632160	0.261754
556.052350	0.261002
555.472500	0.262286
554.892620	0.263039
554.312690	0.263553
553.732730	0.265076
553.152740	0.264721
552.572700	0.265644
551.992630	0.265287
551.412520	0.265809
550.832370	0.266400
550.252190	0.266953
549.671970	0.267653
549.091710	0.267901
548.511410	0.269103
547.931080	0.268661
547.350710	0.268865
546.770310	0.268579
546.189860	0.268706
545.609380	0.268903
545.028860	0.269082
544.448310	0.268505
543.867720	0.269529
543.287090	0.269208
542.706420	0.268449
542.125720	0.268950
541.544980	0.269036
540.964210	0.267856
540.383390	0.268516
539.802540	0.268968
539.221660	0.267677
538.640730	0.267820
538.059770	0.267336
537.478780	0.266463
536.897740	0.267253
536.316670	0.265358
535.735560	0.265267
535.154420	0.264470
534.573240	0.264497
533.992020	0.264432
533.410770	0.262951
532.829480	0.263536
532.248150	0.260788
531.666790	0.261680
531.085390	0.261240
530.503950	0.259848
529.922480	0.258047
529.340970	0.257413
528.759420	0.258721
528.177840	0.257324
527.596220	0.254369
527.014560	0.254435
526.432870	0.254035
525.851140	0.251573
525.269380	0.251876
524.687580	0.249332
524.105740	0.249376
523.523860	0.247770
522.941950	0.246254
522.360010	0.246897
521.778030	0.244909
521.196010	0.243323
520.613950	0.243005
520.031860	0.240409
519.449730	0.239483
518.867570	0.237716
518.285370	0.237473
517.703130	0.235046
517.120860	0.234348
516.538550	0.231410
515.956210	0.231456
515.373830	0.228990
514.791410	0.227102
514.208960	0.227845
513.626470	0.225344
513.043950	0.222805
512.461390	0.222249
511.878790	0.218820
511.296160	0.217191
510.713490	0.216400
510.130790	0.214255
509.548050	0.213246
508.965270	0.211295
508.382460	0.209462
507.799620	0.208357
507.216730	0.206086
506.633820	0.204564
506.050860	0.202845
505.467870	0.199773
504.884850	0.198004
504.301780	0.197068
503.718690	0.195012
503.135550	0.191833
502.552390	0.190640
501.969180	0.188882
501.385940	0.187185
500.802670	0.184266
500.219360	0.182730
499.636010	0.180609
499.052630	0.177866
498.469210	0.174394
497.885760	0.173014
497.302270	0.171588
496.718750	0.169298
496.135190	0.165734
495.551590	0.164246
494.967960	0.161967
494.384300	0.160144
493.800600	0.157494
493.216860	0.153682
492.633090	0.152056
492.049290	0.150936
491.465440	0.147341
490.881570	0.145350
490.297650	0.142985
489.713710	0.139969
489.129720	0.137468
488.545710	0.134853
487.961650	0.133103
487.377570	0.130292
486.793440	0.127736
486.209290	0.125785
485.625090	0.123290
485.040860	0.120529
484.456600	0.118583
483.872300	0.116653
483.287970	0.112732
482.703600	0.111124
482.119200	0.108349
481.534760	0.105423
480.950290	0.103508
480.365780	0.101336
479.781230	0.098221
479.196660	0.096340
478.612040	0.093501
478.027400	0.091752
477.442710	0.088944
476.858000	0.086333
476.273240	0.083963
475.688460	0.081752
475.103640	0.079737
474.518780	0.075926
473.933890	0.074108
473.348960	0.072743
472.764000	0.069685
472.179010	0.067644
471.593980	0.064673
471.008920	0.063284
470.423820	0.061424
469.838680	0.058424
469.253520	0.056877
468.668310	0.055251
468.083080	0.052598
467.497810	0.051326
466.912500	0.048345
466.327160	0.046669
465.741790	0.045080
465.156380	0.043352
464.570930	0.041477
463.985460	0.040162
463.399940	0.038491
462.814400	0.036326
462.228820	0.034840
461.643200	0.033653
461.057550	0.031888
460.471870	0.030302
459.886150	0.028956
459.300400	0.027685
458.714610	0.026250
458.128790	0.024718
457.542940	0.023773
456.957050	0.022302
456.371130	0.021064
455.785170	0.020142
455.199180	0.019125
454.613150	0.017818
454.027090	0.017065
453.441000	0.015865
452.854870	0.015114
452.268710	0.014118
451.682520	0.013322
451.096290	0.012703
450.510020	0.011745
449.923730	0.011241
449.337400	0.010347
448.751030	0.009896
448.164630	0.008960
447.578200	0.008358
446.991730	0.008258
446.405230	0.007933
445.818700	0.006665
445.232130	0.006352
444.645530	0.006050
444.058900	0.005841
443.472230	0.005369
442.885530	0.005283
442.298790	0.004768
441.712020	0.004223
441.125220	0.004063
440.538380	0.003603
439.951510	0.003575
439.364600	0.003256
438.777670	0.002980
438.190690	0.002623
437.603690	0.002573
437.016650	0.002468
436.429580	0.002433
435.842470	0.001926
435.255330	0.001956
434.668160	0.001966
434.080960	0.001806
433.493720	0.001499
432.906450	0.001403
432.319140	0.001417
431.731800	0.001590
431.144430	0.001421
430.557020	0.001334
429.969580	0.001150
429.382110	0.001098
428.794610	0.001218
428.207070	0.001120
427.619500	0.001153
427.031890	0.001084
426.444250	0.000960
425.856580	0.000890
425.268880	0.000981
424.681140	0.000712
424.093370	0.000424
423.505570	0.000676
422.917730	0.001090
422.329860	0.000904
421.741960	0.000572
421.154020	0.000728
420.566050	0.000418
419.978050	0.000947
419.390020	0.000750
418.801950	0.000940
418.213850	0.000971
417.625710	0.000766
417.037550	0.000585
416.449350	0.000753
415.861120	0.000718
415.272850	0.000727
414.684560	0.000674
414.096230	0.000695
413.507860	0.000857
412.919470	0.000809
412.331040	0.000723
411.742580	0.000964
411.154080	0.000666
410.565560	0.000646
409.977000	0.000782
409.388410	0.000565
408.799780	0.000769
408.211130	0.000944
407.622440	0.000779
407.033720	0.000810
406.444960	0.000962
405.856180	0.000663
405.267360	0.000871
404.678500	0.000860
404.089620	0.001188
403.500700	0.001139
402.911760	0.000874
402.322770	0.001011
401.733760	0.000907
401.144710	0.000755
400.555640	0.001240
399.966530	0.001292
399.377380	0.000745
398.788210	0.000836
398.199000	0.000954
397.609760	0.001019
397.020490	0.000695
396.431180	0.000612
395.841850	0.001056
395.252480	0.000898
394.663080	0.000996
394.073650	0.001054
393.484180	0.000634
392.894690	0.001505
392.305160	0.000863
391.715600	0.000742
391.126000	0.001028
390.536380	0.001089
389.946720	0.000103
389.357030	0.000965
388.767310	0.000875
388.177560	0.001025
387.587770	0.001091
386.997960	0.002008
386.408110	0.001291
385.818230	0.001299
385.228320	0.001154
384.638370	0.001486
384.048400	0.001574
383.458390	0.001650
382.868350	0.001070
382.278280	0.001263
381.688180	0.001503
381.098040	0.000961
380.507880	0.001309
379.917680	0.001748
379.327450	0.001025
378.737190	0.001463
378.146900	0.001360
377.556570	0.000888
376.966220	0.001736
376.375830	0.001466
375.785410	0.001606
375.194960	0.001639
374.604480	0.001479
374.013970	0.001473
373.423420	0.001931
372.832850	0.001039
372.242240	0.001264
371.651600	0.001154
371.060930	0.001970
370.470230	0.001262
369.879490	0.001172
369.288730	0.001175
368.697930	0.001217
368.107110	0.001566
367.516250	0.001095
366.925360	0.000790
366.334440	0.001250
365.743490	0.001768
365.152510	0.001505
364.561490	0.001527
363.970450	0.001449
363.379370	0.001324
362.788260	0.000966
362.197120	0.001764
361.605950	0.001139
361.014750	0.001354
360.423520	0.001219
359.832260	0.001517
359.240970	0.001205
358.649640	0.000603
358.058290	0.001358
357.466900	0.001189
356.875480	0.001321
356.284030	0.001429
355.692550	0.001552
355.101040	0.001472
354.509500	0.001264
353.917930	0.001268
353.326330	0.001179
352.734700	0.001137
352.143030	0.001549
351.551340	0.001397
350.959610	0.001709
350.367850	0.001603
349.776070	0.001717
349.184250	0.001426
348.592400	0.001500
348.000520	0.001974
347.408610	0.001352
346.816670	0.000822
346.224700	0.001560
345.632700	0.001634
345.040670	0.001270
344.448610	0.001973
343.856510	0.001394
343.264390	0.001957
342.672240	0.001575
342.080050	0.002288
341.487840	0.001865
340.895590	0.002034
340.303320	0.001522
339.711010	0.001231
339.118680	0.001619
338.526310	0.001427
337.933910	0.002304
337.341480	0.001577
336.749030	0.001610
336.156540	0.001504
335.564020	0.001208
334.971470	0.001874
334.378900	0.001554
333.786290	0.001185
333.193650	0.001849
332.600980	0.001309
332.008280	0.001534
331.415550	0.001899
330.822790	0.001622
330.230000	0.001935
329.637180	0.001332
