%% INTEG 5.0 AVG 100.0 SMOOTH 4
1032.386440	0.751093
1031.845090	0.740953
1031.303680	0.734991
1030.762230	0.735318
1030.220720	0.737925
1029.679150	0.736428
1029.137530	0.733967
1028.595860	0.745316
1028.054140	0.738203
1027.512360	0.746567
1026.970530	0.733732
1026.428650	0.730761
1025.886710	0.739047
1025.344720	0.749947
1024.802680	0.735340
1024.260580	0.748544
1023.718430	0.744989
1023.176230	0.749768
1022.633970	0.745766
1022.091660	0.742194
1021.549300	0.746603
1021.006890	0.742433
1020.464420	0.749536
1019.921900	0.741512
1019.379320	0.738977
1018.836700	0.740583
1018.294010	0.746276
1017.751280	0.737879
1017.208490	0.741059
1016.665660	0.742245
1016.122760	0.741649
1015.579820	0.736340
1015.036820	0.743874
1014.493770	0.739195
1013.950670	0.747265
1013.407510	0.754777
1012.864300	0.743836
1012.321040	0.751844
1011.777720	0.745610
1011.234360	0.747265
1010.690940	0.746182
1010.147460	0.745840
1009.603940	0.744989
1009.060360	0.743788
1008.516730	0.748143
1007.973040	0.741815
1007.429310	0.742433
1006.885520	0.747829
1006.341680	0.739028
1005.797780	0.745610
1005.253840	0.752315
1004.709840	0.749121
1004.165790	0.747429
1003.621680	0.740550
1003.077530	0.742688
1002.533320	0.745436
1001.989060	0.743654
1001.444740	0.738506
1000.900380	0.735550
1000.355960	0.746770
999.811490	0.745032
999.266970	0.757763
998.722390	0.750210
998.177760	0.750932
997.633080	0.750159
997.088350	0.747576
996.543570	0.744789
995.998730	0.737475
995.453840	0.743049
994.908900	0.744811
994.363910	0.735486
993.818860	0.743003
993.273760	0.745924
992.728610	0.743618
992.183410	0.746408
991.638160	0.741006
991.092850	0.750071
990.547500	0.743434
990.002090	0.748937
989.456630	0.747063
988.911110	0.743981
988.365550	0.744967
987.819930	0.747797
987.274260	0.746103
986.728540	0.755302
986.182770	0.747495
985.636940	0.749230
985.091060	0.742888
984.545140	0.742886
983.999160	0.740618
983.453120	0.744732
982.907040	0.748360
982.360900	0.750408
981.814720	0.752580
981.268480	0.748993
980.722190	0.755412
980.175840	0.749132
979.629450	0.744107
979.083000	0.749191
978.536510	0.754018
977.989960	0.750859
977.443360	0.753178
976.896710	0.755894
976.350000	0.747913
975.803250	0.754559
975.256440	0.747453
974.709580	0.750407
974.162670	0.747347
973.615710	0.756251
973.068700	0.745700
972.521640	0.748468
971.974520	0.745538
971.427360	0.748217
970.880140	0.748889
970.332870	0.749959
969.785550	0.743096
969.238180	0.748536
968.690760	0.743252
968.143280	0.746162
967.595760	0.750178
967.048180	0.745502
966.500550	0.745769
965.952870	0.741447
965.405140	0.750329
964.857360	0.748496
964.309530	0.746494
963.761650	0.751557
963.213710	0.743418
962.665730	0.744551
962.117690	0.750223
961.569610	0.746740
961.021470	0.745282
960.473280	0.750956
959.925040	0.748459
959.376750	0.744355
958.828400	0.743192
958.280010	0.744465
957.731570	0.745482
957.183070	0.739801
956.634530	0.737925
956.085930	0.735037
955.537280	0.745254
954.988580	0.745285
954.439840	0.742673
953.891040	0.741415
953.342190	0.745811
952.793290	0.751209
952.244330	0.748865
951.695330	0.745232
951.146280	0.745132
950.597170	0.747547
950.048020	0.744876
949.498820	0.742680
948.949560	0.744437
948.400250	0.742925
947.850900	0.742829
947.301490	0.743095
946.752030	0.743841
946.202530	0.743010
945.652970	0.737064
945.103360	0.742819
944.553700	0.740136
944.003990	0.738460
943.454230	0.746255
942.904420	0.739436
942.354560	0.743266
941.804650	0.741087
941.254690	0.737690
940.704670	0.748507
940.154610	0.733294
939.604500	0.742244
939.054340	0.744279
938.504120	0.739184
937.953860	0.739122
937.403550	0.737585
936.853190	0.735669
936.302770	0.740885
935.752310	0.737620
935.201790	0.735327
934.651230	0.736494
934.100620	0.740814
933.549950	0.734850
932.999240	0.734454
932.448480	0.738807
931.897660	0.736846
931.346800	0.735179
930.795880	0.731393
930.244920	0.735694
929.693910	0.728849
929.142840	0.734453
928.591730	0.732971
928.040570	0.730561
927.489350	0.735206
926.938090	0.725478
926.386780	0.732651
925.835420	0.729987
925.284010	0.731390
924.732540	0.728911
924.181030	0.726966
923.629470	0.726648
923.077860	0.724051
922.526200	0.730172
921.974490	0.732163
921.422730	0.728878
920.870920	0.727028
920.319060	0.724468
919.767150	0.731294
919.215190	0.727687
918.663190	0.730784
918.111130	0.727052
917.559020	0.721616
917.006870	0.725683
916.454660	0.723431
915.902400	0.728796
915.350100	0.724007
914.797750	0.724055
914.245340	0.722376
913.692890	0.717989
913.140390	0.724622
912.587840	0.715920
912.035240	0.717115
911.482590	0.716879
910.929890	0.714761
910.377140	0.721165
909.824340	0.713581
909.271490	0.716889
908.718600	0.719503
908.165650	0.718271
907.612660	0.718178
907.059620	0.715357
906.506520	0.719706
905.953380	0.718222
905.400190	0.713761
904.846950	0.711032
904.293660	0.713450
903.740320	0.709274
903.186940	0.713130
902.633500	0.714292
902.080020	0.710432
901.526480	0.708968
900.972900	0.711504
900.419270	0.713276
899.865590	0.714389
899.311860	0.710415
898.758080	0.712452
898.204250	0.714124
897.650380	0.714151
897.096450	0.715735
896.542480	0.715443
895.988460	0.712630
895.434390	0.710937
894.880270	0.716979
894.326100	0.711493
893.771880	0.713084
893.217620	0.713436
892.663300	0.712929
892.108940	0.708895
891.554530	0.713131
891.000070	0.712778
890.445560	0.712110
889.891000	0.711924
889.336400	0.711931
888.781740	0.713705
888.227040	0.712104
887.672290	0.710450
887.117490	0.710099
886.562640	0.713306
886.007740	0.708242
885.452800	0.712797
884.897810	0.709630
884.342770	0.711847
883.787680	0.713240
883.232540	0.708920
882.677350	0.709419
882.122120	0.711218
881.566830	0.711819
881.011500	0.712987
880.456120	0.708798
879.900690	0.705738
879.345220	0.706188
878.789700	0.707611
878.234120	0.711038
877.678500	0.710856
877.122830	0.710849
876.567120	0.705194
876.011350	0.706422
875.455540	0.702392
874.899680	0.707336
874.343770	0.705863
873.787820	0.711317
873.231810	0.707051
872.675760	0.704027
872.119660	0.708259
871.563510	0.710680
871.007310	0.709751
870.451070	0.705009
869.894780	0.708863
869.338440	0.712688
868.782050	0.704734
868.225610	0.708603
867.669130	0.710419
867.112600	0.705856
866.556020	0.708015
865.999390	0.707050
865.442720	0.707516
864.886000	0.708878
864.329230	0.707728
863.772410	0.707602
863.215550	0.711330
862.658630	0.708627
862.101670	0.705608
861.544670	0.705461
860.987610	0.709656
860.430510	0.709135
859.873360	0.704621
859.316160	0.706940
858.758920	0.708545
858.201620	0.705497
857.644280	0.705302
857.086900	0.705888
856.529460	0.709437
855.971980	0.708729
855.414450	0.710421
854.856870	0.706012
854.299250	0.705898
853.741580	0.706740
853.183860	0.707825
852.626090	0.704698
852.068280	0.702415
851.510420	0.704976
850.952510	0.704653
850.394550	0.703262
849.836550	0.706879
849.278500	0.701746
848.720410	0.706323
848.162260	0.703115
847.604070	0.698360
847.045830	0.700037
846.487550	0.697203
845.929220	0.697283
845.370840	0.699698
844.812410	0.696280
844.253940	0.695230
843.695420	0.697009
843.136850	0.695600
842.578240	0.700616
842.019580	0.698967
841.460870	0.699137
840.902120	0.697622
840.343310	0.697318
839.784470	0.694238
839.225570	0.695726
838.666630	0.696635
838.107640	0.692108
837.548610	0.693223
836.989520	0.692833
836.430390	0.688433
835.871220	0.692921
835.312000	0.695115
834.752730	0.688994
834.193410	0.687020
833.634050	0.686128
833.074640	0.687569
832.515190	0.685607
831.955680	0.690872
831.396140	0.687135
830.836540	0.689024
830.276900	0.682784
829.717210	0.686130
829.157480	0.681114
828.597700	0.681005
828.037870	0.685843
827.478000	0.682357
826.918080	0.682325
826.358110	0.680236
825.798100	0.680495
825.238040	0.680950
824.677930	0.678471
824.117780	0.675851
823.557580	0.678667
822.997340	0.677940
822.437050	0.671422
821.876710	0.674055
821.316330	0.671001
820.755900	0.674166
820.195420	0.669442
819.634900	0.671614
819.074330	0.668878
818.513720	0.666953
817.953060	0.670395
817.392350	0.667982
816.831600	0.665681
816.270800	0.663664
815.709960	0.661100
815.149070	0.661225
814.588130	0.663586
814.027150	0.660697
813.466120	0.663464
812.905050	0.660294
812.343930	0.661490
811.782770	0.662017
811.221550	0.661449
810.660300	0.661076
810.098990	0.654896
809.537650	0.653909
808.976250	0.655995
808.414810	0.659477
807.853320	0.650930
807.291790	0.649604
806.730210	0.652428
806.168590	0.648367
805.606920	0.646111
805.045210	0.650350
804.483450	0.646806
803.921640	0.648074
803.359790	0.645306
802.797890	0.645915
802.235950	0.641188
801.673960	0.642704
801.111930	0.639590
800.549850	0.643261
799.987720	0.639619
799.425550	0.638827
798.863340	0.638419
798.301080	0.634664
797.738770	0.638855
797.176420	0.637637
796.614020	0.640713
796.051580	0.639497
795.489090	0.639771
794.926560	0.638462
794.363980	0.636278
793.801350	0.636826
793.238690	0.631968
792.675970	0.636091
792.113210	0.634779
791.550410	0.631368
790.987560	0.636682
790.424660	0.630428
789.861720	0.632117
789.298740	0.629160
788.735710	0.629807
788.172630	0.633952
787.609510	0.630792
787.046340	0.630758
786.483130	0.629730
785.919880	0.626145
785.356580	0.633665
784.793230	0.630912
784.229840	0.628605
783.666410	0.628025
783.102920	0.628740
782.539400	0.627454
781.975830	0.627265
781.412210	0.627965
780.848550	0.624500
780.284850	0.627185
779.721100	0.630776
779.157310	0.630693
778.593470	0.626213
778.029580	0.623969
777.465650	0.626973
776.901680	0.628786
776.337660	0.627043
775.773600	0.623614
775.209490	0.624407
774.645340	0.622263
774.081140	0.624874
773.516900	0.621807
772.952620	0.621052
772.388290	0.621875
771.823910	0.618975
771.259490	0.617816
770.695030	0.619896
770.130520	0.619567
769.565970	0.617436
769.001370	0.619192
768.436730	0.619030
767.872040	0.619410
767.307310	0.616656
766.742540	0.618064
766.177720	0.619321
765.612860	0.618135
765.047950	0.614299
764.483000	0.611470
763.918000	0.613017
763.352960	0.613800
762.787880	0.612403
762.222750	0.612580
761.657570	0.612487
761.092360	0.611274
760.527090	0.607343
759.961790	0.606514
759.396440	0.603409
758.831050	0.605882
758.265610	0.604433
757.700130	0.602917
757.134600	0.600116
756.569030	0.602346
756.003420	0.600122
755.437760	0.599600
754.872060	0.598427
754.306310	0.595872
753.740520	0.590996
753.174690	0.593752
752.608810	0.592521
752.042890	0.592166
751.476920	0.589567
750.910910	0.588323
750.344860	0.586067
749.778760	0.586049
749.212620	0.584735
748.646440	0.582835
748.080210	0.582136
747.513940	0.578599
746.947620	0.578049
746.381260	0.579315
745.814860	0.575721
745.248410	0.574503
744.681920	0.573794
744.115390	0.571432
743.548810	0.568554
742.982190	0.568840
742.415530	0.563937
741.848820	0.567645
741.282070	0.566370
740.715270	0.561172
740.148430	0.561533
739.581550	0.560294
739.014630	0.557901
738.447660	0.557804
737.880650	0.554946
737.313590	0.551973
736.746490	0.553557
736.179350	0.552084
735.612160	0.552701
735.044940	0.549207
734.477660	0.547669
733.910350	0.548186
733.342990	0.548015
732.775590	0.544583
732.208140	0.545390
731.640650	0.545146
731.073120	0.545152
730.505550	0.544742
729.937930	0.543019
729.370270	0.540117
728.802570	0.541081
728.234820	0.539216
727.667030	0.537755
727.099200	0.538715
726.531320	0.541179
725.963400	0.538070
725.395440	0.539929
724.827440	0.539012
724.259390	0.539585
723.691300	0.540068
723.123160	0.540241
722.554990	0.540199
721.986770	0.536478
721.418500	0.538578
720.850200	0.538435
720.281850	0.538398
719.713460	0.537955
719.145030	0.540461
718.576550	0.539844
718.008030	0.540188
717.439470	0.539530
716.870870	0.538446
716.302220	0.538282
715.733530	0.537606
715.164800	0.539818
714.596020	0.539825
714.027200	0.538727
713.458340	0.540342
712.889440	0.540554
712.320500	0.539000
711.751510	0.539517
711.182480	0.539778
710.613410	0.538422
710.044290	0.539646
709.475130	0.540706
708.905930	0.539273
708.336690	0.538668
707.767410	0.538243
707.198080	0.537677
706.628710	0.537777
706.059300	0.535963
705.489840	0.538156
704.920350	0.536880
704.350810	0.536000
703.781230	0.535118
703.211600	0.535006
702.641940	0.535912
702.072230	0.535229
701.502480	0.534336
700.932690	0.534473
700.362850	0.533913
699.792980	0.532120
699.223060	0.532287
698.653100	0.532405
698.083100	0.530717
697.513050	0.529375
696.942960	0.531329
696.372840	0.528451
695.802660	0.528169
695.232450	0.528159
694.662200	0.526998
694.091900	0.525305
693.521560	0.526148
692.951180	0.524301
692.380760	0.521907
691.810300	0.522596
691.239790	0.523276
690.669240	0.520310
690.098650	0.517730
689.528020	0.518242
688.957350	0.516047
688.386630	0.516435
687.815880	0.514565
687.245080	0.513995
686.674240	0.510845
686.103360	0.511402
685.532430	0.508076
684.961470	0.508272
684.390460	0.506965
683.819420	0.505631
683.248330	0.504581
682.677190	0.504289
682.106020	0.501743
681.534810	0.501739
680.963550	0.499601
680.392250	0.497880
679.820920	0.493881
679.249540	0.493672
678.678110	0.493069
678.106650	0.489913
677.535150	0.488387
676.963600	0.486741
676.392010	0.483858
675.820390	0.483112
675.248720	0.480333
674.677010	0.476823
674.105250	0.475707
673.533460	0.475061
672.961630	0.470145
672.389750	0.470810
671.817830	0.467821
671.245870	0.466839
670.673870	0.463573
670.101830	0.462094
669.529750	0.460021
668.957630	0.458653
668.385470	0.455986
667.813260	0.452942
667.241020	0.449754
666.668730	0.448317
666.096400	0.445367
665.524030	0.444851
664.951620	0.441666
664.379170	0.439961
663.806680	0.438587
663.234150	0.436939
662.661570	0.436636
662.088960	0.433072
661.516300	0.429873
660.943610	0.430028
660.370870	0.427144
659.798090	0.424411
659.225270	0.424501
658.652410	0.421996
658.079510	0.420497
657.506570	0.420855
656.933590	0.418701
656.360570	0.417064
655.787510	0.414606
655.214400	0.414974
654.641260	0.413294
654.068080	0.412183
653.494850	0.411992
652.921580	0.410200
652.348280	0.409588
651.774930	0.409086
651.201540	0.405599
650.628120	0.406113
650.054650	0.404983
649.481140	0.403801
648.907590	0.403344
648.334000	0.404253
647.760370	0.404547
647.186700	0.403357
646.612990	0.400849
646.039240	0.399876
645.465450	0.400636
644.891620	0.400458
644.317740	0.400536
643.743830	0.398399
643.169880	0.400756
642.595890	0.399478
642.021850	0.398755
641.447780	0.400011
640.873670	0.398054
640.299510	0.399300
639.725320	0.398212
639.151090	0.399103
638.576810	0.399503
638.002500	0.399185
637.428150	0.398547
636.853750	0.399390
636.279320	0.399401
635.704840	0.399669
635.130330	0.398768
634.555780	0.400081
633.981180	0.400168
633.406550	0.401410
632.831880	0.399464
632.257160	0.401003
631.682410	0.400054
631.107620	0.400092
630.532780	0.400423
629.957910	0.399961
629.383000	0.399884
628.808040	0.400718
628.233050	0.402623
627.658020	0.400936
627.082950	0.399865
626.507840	0.401990
625.932690	0.401848
625.357500	0.402866
624.782270	0.403049
624.207000	0.402157
623.631690	0.404932
623.056340	0.403220
622.480950	0.405401
621.905520	0.404694
621.330050	0.406993
620.754550	0.405342
620.179000	0.407078
619.603410	0.408387
619.027790	0.409028
618.452120	0.409764
617.876420	0.410487
617.300680	0.410332
616.724890	0.411919
616.149070	0.413710
615.573210	0.415340
614.997310	0.415529
614.421370	0.419029
613.845390	0.421080
613.269370	0.423363
612.693310	0.422925
612.117210	0.425757
611.541080	0.428434
610.964900	0.429617
610.388690	0.431671
609.812430	0.433234
609.236140	0.437237
608.659810	0.437322
608.083430	0.441131
607.507020	0.443628
606.930570	0.444244
606.354090	0.448708
605.777560	0.452556
605.200990	0.454490
604.624390	0.458710
604.047740	0.460756
603.471060	0.464627
602.894340	0.466464
602.317580	0.470410
601.740780	0.473357
601.163940	0.476411
600.587060	0.479495
600.010140	0.483668
599.433190	0.487068
598.856190	0.490851
598.279160	0.492941
597.702090	0.497908
597.124980	0.502433
596.547830	0.503685
595.970640	0.508922
595.393420	0.510572
594.816150	0.516263
594.238850	0.519316
593.661500	0.523893
593.084120	0.527321
592.506700	0.531959
591.929250	0.533318
591.351750	0.536342
590.774210	0.541791
590.196640	0.543603
589.619030	0.548302
589.041380	0.550918
588.463690	0.554002
587.885960	0.556033
587.308200	0.561106
586.730390	0.562152
586.152550	0.565067
585.574670	0.571236
584.996750	0.572293
584.418790	0.575030
583.840800	0.577373
583.262760	0.579278
582.684690	0.582612
582.106580	0.585047
581.528430	0.587775
580.950250	0.588881
580.372020	0.591220
579.793760	0.594258
579.215460	0.595109
578.637120	0.597029
578.058740	0.597150
577.480320	0.601697
576.901870	0.601137
576.323380	0.602236
575.744850	0.603612
575.166280	0.604102
574.587670	0.606213
574.009030	0.609026
573.430350	0.609119
572.851630	0.613429
572.272870	0.612270
571.694080	0.614810
571.115240	0.614908
570.536370	0.616851
569.957460	0.617117
569.378520	0.620149
568.799530	0.621284
568.220510	0.620594
567.641450	0.619670
567.062350	0.622964
566.483220	0.625748
565.904040	0.626951
565.324830	0.625498
564.745580	0.626639
564.166300	0.628033
563.586970	0.629635
563.007610	0.628611
562.428210	0.631864
561.848780	0.632192
561.269300	0.632499
560.689790	0.633438
560.110240	0.631876
559.530660	0.635181
558.951030	0.636631
558.371370	0.637508
557.791670	0.635434
557.211940	0.636910
556.632160	0.638140
556.052350	0.639387
555.472500	0.640361
554.892620	0.641639
554.312690	0.641230
553.732730	0.642516
553.152740	0.641118
552.572700	0.641064
551.992630	0.644336
551.412520	0.641492
550.832370	0.642653
550.252190	0.644035
549.671970	0.645032
549.091710	0.643250
548.511410	0.645774
547.931080	0.645341
547.350710	0.645226
546.770310	0.644142
546.189860	0.644672
545.609380	0.644661
545.028860	0.645622
544.448310	0.645593
543.867720	0.645309
543.287090	0.646603
542.706420	0.644434
542.125720	0.645289
541.544980	0.645202
540.964210	0.643655
540.383390	0.643097
539.802540	0.642179
539.221660	0.643085
538.640730	0.644884
538.059770	0.643484
537.478780	0.644880
536.897740	0.643345
536.316670	0.642014
535.735560	0.640785
535.154420	0.642150
534.573240	0.642011
533.992020	0.642453
533.410770	0.639595
532.829480	0.641046
532.248150	0.637626
531.666790	0.638942
531.085390	0.638528
530.503950	0.638482
529.922480	0.636327
529.340970	0.637164
528.759420	0.636165
528.177840	0.637070
527.596220	0.633046
527.014560	0.633115
526.432870	0.631979
525.851140	0.632819
525.269380	0.632765
524.687580	0.630888
524.105740	0.632378
523.523860	0.626108
522.941950	0.628490
522.360010	0.626944
521.778030	0.626616
521.196010	0.625067
520.613950	0.624828
520.031860	0.622414
519.449730	0.621756
518.867570	0.620966
518.285370	0.622390
517.703130	0.615349
517.120860	0.617763
516.538550	0.615851
515.956210	0.614837
515.373830	0.613372
514.791410	0.611844
514.208960	0.610985
513.626470	0.608876
513.043950	0.605972
512.461390	0.606633
511.878790	0.603209
511.296160	0.604410
510.713490	0.601063
510.130790	0.600353
509.548050	0.597111
508.965270	0.598644
508.382460	0.595782
507.799620	0.593327
507.216730	0.593855
506.633820	0.590313
506.050860	0.590466
505.467870	0.587531
504.884850	0.584281
504.301780	0.583606
503.718690	0.581449
503.135550	0.579337
502.552390	0.576271
501.969180	0.575089
501.385940	0.575706
500.802670	0.569800
500.219360	0.566875
499.636010	0.567844
499.052630	0.564024
498.469210	0.561950
497.885760	0.558168
497.302270	0.558453
496.718750	0.555315
496.135190	0.552494
495.551590	0.551166
494.967960	0.547640
494.384300	0.545308
493.800600	0.539380
493.216860	0.538047
492.633090	0.536184
492.049290	0.534926
491.465440	0.531248
490.881570	0.526399
490.297650	0.525907
489.713710	0.522575
489.129720	0.520105
488.545710	0.515218
487.961650	0.512453
487.377570	0.509386
486.793440	0.508331
486.209290	0.502434
485.625090	0.499013
485.040860	0.498862
484.456600	0.493746
483.872300	0.489117
483.287970	0.485382
482.703600	0.481732
482.119200	0.480338
481.534760	0.476049
480.950290	0.471300
480.365780	0.468594
479.781230	0.462692
479.196660	0.461187
478.612040	0.456523
478.027400	0.452230
477.442710	0.447030
476.858000	0.441850
476.273240	0.439588
475.688460	0.435115
475.103640	0.430229
474.518780	0.425011
473.933890	0.422633
473.348960	0.417726
472.764000	0.413523
472.179010	0.408383
471.593980	0.402894
471.008920	0.398193
470.423820	0.393303
469.838680	0.389985
469.253520	0.383291
468.668310	0.378467
468.083080	0.373486
467.497810	0.369721
466.912500	0.364775
466.327160	0.360400
465.741790	0.353763
465.156380	0.349883
464.570930	0.344589
463.985460	0.339578
463.399940	0.335076
462.814400	0.330221
462.228820	0.325385
461.643200	0.319256
461.057550	0.313266
460.471870	0.308168
459.886150	0.304568
459.300400	0.299541
458.714610	0.294583
458.128790	0.288785
457.542940	0.283036
456.957050	0.276540
456.371130	0.271940
455.785170	0.266103
455.199180	0.260934
454.613150	0.256838
454.027090	0.251214
453.441000	0.246810
452.854870	0.241050
452.268710	0.234585
451.682520	0.231280
451.096290	0.226489
450.510020	0.221249
449.923730	0.215534
449.337400	0.209981
448.751030	0.205342
448.164630	0.201409
447.578200	0.195966
446.991730	0.191954
446.405230	0.186332
445.818700	0.181693
445.232130	0.177633
444.645530	0.172555
444.058900	0.167642
443.472230	0.162663
442.885530	0.159619
442.298790	0.154363
441.712020	0.150353
441.125220	0.146042
440.538380	0.140947
439.951510	0.137631
439.364600	0.132905
438.777670	0.128073
438.190690	0.124301
437.603690	0.120572
437.016650	0.116384
436.429580	0.112698
435.842470	0.109839
435.255330	0.106138
434.668160	0.103454
434.080960	0.099531
433.493720	0.096091
432.906450	0.092775
432.319140	0.089769
431.731800	0.086839
431.144430	0.083470
430.557020	0.080865
429.969580	0.078495
429.382110	0.075734
428.794610	0.072973
428.207070	0.070436
427.619500	0.068241
427.031890	0.065680
426.444250	0.063560
425.856580	0.061425
425.268880	0.059084
424.681140	0.056690
424.093370	0.054985
423.505570	0.053012
422.917730	0.051074
422.329860	0.049402
421.741960	0.047446
421.154020	0.045677
420.566050	0.044094
419.978050	0.042598
419.390020	0.041151
418.801950	0.039743
418.213850	0.038232
417.625710	0.036787
417.037550	0.035280
416.449350	0.034681
415.861120	0.033044
415.272850	0.032465
414.684560	0.030814
414.096230	0.029903
413.507860	0.029262
412.919470	0.028299
412.331040	0.027048
411.742580	0.026431
411.154080	0.025775
410.565560	0.024679
409.977000	0.024425
409.388410	0.023140
408.799780	0.022782
408.211130	0.022442
407.622440	0.021810
407.033720	0.021455
406.444960	0.021155
405.856180	0.020508
405.267360	0.019822
404.678500	0.019479
404.089620	0.019363
403.500700	0.018858
402.911760	0.018473
402.322770	0.018332
401.733760	0.018019
401.144710	0.017721
400.555640	0.017429
399.966530	0.017483
399.377380	0.017520
398.788210	0.016859
398.199000	0.017081
397.609760	0.015937
397.020490	0.016034
396.431180	0.016749
395.841850	0.016432
395.252480	0.016533
394.663080	0.015960
394.073650	0.015377
393.484180	0.015938
392.894690	0.016161
392.305160	0.015943
391.715600	0.016008
391.126000	0.016196
390.536380	0.016550
389.946720	0.015173
389.357030	0.016595
388.767310	0.016396
388.177560	0.016305
387.587770	0.016603
386.997960	0.017510
386.408110	0.017033
385.818230	0.017426
385.228320	0.017084
384.638370	0.017588
384.048400	0.017513
383.458390	0.018019
382.868350	0.018049
382.278280	0.017470
381.688180	0.018362
381.098040	0.018583
380.507880	0.018640
379.917680	0.019330
379.327450	0.019056
378.737190	0.019435
378.146900	0.019782
377.556570	0.019528
376.966220	0.020039
376.375830	0.020908
375.785410	0.020804
375.194960	0.020974
374.604480	0.020792
374.013970	0.021482
373.423420	0.021700
372.832850	0.021694
372.242240	0.021944
371.651600	0.022296
371.060930	0.023196
370.470230	0.023185
369.879490	0.022853
369.288730	0.023745
368.697930	0.023556
368.107110	0.024545
367.516250	0.024006
366.925360	0.023923
366.334440	0.024632
365.743490	0.025766
365.152510	0.025470
364.561490	0.026361
363.970450	0.026882
363.379370	0.026730
362.788260	0.026517
362.197120	0.027482
361.605950	0.027901
361.014750	0.028408
360.423520	0.028647
359.832260	0.029383
359.240970	0.028888
358.649640	0.030390
358.058290	0.031290
357.466900	0.031048
356.875480	0.031477
356.284030	0.032268
355.692550	0.032949
355.101040	0.033490
354.509500	0.033379
353.917930	0.034579
353.326330	0.034916
352.734700	0.035283
352.143030	0.035658
351.551340	0.036236
350.959610	0.037681
350.367850	0.038263
349.776070	0.038260
349.184250	0.039689
348.592400	0.040179
348.000520	0.040454
347.408610	0.040254
346.816670	0.041380
346.224700	0.042289
345.632700	0.043710
345.040670	0.044071
344.448610	0.043861
343.856510	0.045345
343.264390	0.045545
342.672240	0.045846
342.080050	0.047272
341.487840	0.046990
340.895590	0.047329
340.303320	0.048362
339.711010	0.047966
339.118680	0.049241
338.526310	0.049222
337.933910	0.050102
337.341480	0.049425
336.749030	0.049923
336.156540	0.050881
335.564020	0.051312
334.971470	0.051583
334.378900	0.050866
333.786290	0.049894
333.193650	0.051165
332.600980	0.050351
332.008280	0.050893
331.415550	0.051337
330.822790	0.051024
330.230000	0.050461
329.637180	0.050295
