%% INTEG 5.0 AVG 100.0 SMOOTH 4
1032.386440	0.504614
1031.845090	0.502807
1031.303680	0.505863
1030.762230	0.503561
1030.220720	0.507590
1029.679150	0.511177
1029.137530	0.507296
1028.595860	0.507237
1028.054140	0.504235
1027.512360	0.507525
1026.970530	0.510266
1026.428650	0.511178
1025.886710	0.505993
1025.344720	0.502015
1024.802680	0.502979
1024.260580	0.509671
1023.718430	0.502170
1023.176230	0.515485
1022.633970	0.510212
1022.091660	0.502002
1021.549300	0.508083
1021.006890	0.506388
1020.464420	0.513231
1019.921900	0.501994
1019.379320	0.512312
1018.836700	0.513452
1018.294010	0.508760
1017.751280	0.518670
1017.208490	0.505168
1016.665660	0.513159
1016.122760	0.511404
1015.579820	0.506454
1015.036820	0.515942
1014.493770	0.506249
1013.950670	0.508743
1013.407510	0.514330
1012.864300	0.502298
1012.321040	0.506258
1011.777720	0.508614
1011.234360	0.509714
1010.690940	0.508202
1010.147460	0.509356
1009.603940	0.508136
1009.060360	0.512658
1008.516730	0.516094
1007.973040	0.506449
1007.429310	0.511971
1006.885520	0.502171
1006.341680	0.508468
1005.797780	0.510682
1005.253840	0.513963
1004.709840	0.505920
1004.165790	0.504571
1003.621680	0.506277
1003.077530	0.508510
1002.533320	0.506768
1001.989060	0.512486
1001.444740	0.502383
1000.900380	0.508746
1000.355960	0.509044
999.811490	0.510067
999.266970	0.515592
998.722390	0.506748
998.177760	0.511821
997.633080	0.510921
997.088350	0.510890
996.543570	0.511168
995.998730	0.507060
995.453840	0.512191
994.908900	0.509172
994.363910	0.505461
993.818860	0.509498
993.273760	0.506106
992.728610	0.511948
992.183410	0.514427
991.638160	0.507774
991.092850	0.518006
990.547500	0.511448
990.002090	0.515611
989.456630	0.513301
988.911110	0.517688
988.365550	0.513755
987.819930	0.517540
987.274260	0.510463
986.728540	0.516093
986.182770	0.510543
985.636940	0.518606
985.091060	0.518664
984.545140	0.508130
983.999160	0.512418
983.453120	0.511687
982.907040	0.516455
982.360900	0.513190
981.814720	0.515774
981.268480	0.513327
980.722190	0.509237
980.175840	0.515052
979.629450	0.513817
979.083000	0.517801
978.536510	0.515301
977.989960	0.512798
977.443360	0.513972
976.896710	0.510016
976.350000	0.509425
975.803250	0.514214
975.256440	0.512460
974.709580	0.514189
974.162670	0.509421
973.615710	0.517519
973.068700	0.515188
972.521640	0.516593
971.974520	0.509594
971.427360	0.516069
970.880140	0.509861
970.332870	0.510086
969.785550	0.510754
969.238180	0.514804
968.690760	0.508829
968.143280	0.515313
967.595760	0.511870
967.048180	0.511285
966.500550	0.510455
965.952870	0.504595
965.405140	0.514388
964.857360	0.514696
964.309530	0.514024
963.761650	0.510516
963.213710	0.509424
962.665730	0.509143
962.117690	0.514846
961.569610	0.513208
961.021470	0.511630
960.473280	0.513967
959.925040	0.509212
959.376750	0.512614
958.828400	0.507304
958.280010	0.510683
957.731570	0.512054
957.183070	0.511336
956.634530	0.506939
956.085930	0.508199
955.537280	0.508637
954.988580	0.512318
954.439840	0.508887
953.891040	0.507449
953.342190	0.508612
952.793290	0.512820
952.244330	0.514698
951.695330	0.515629
951.146280	0.509311
950.597170	0.510349
950.048020	0.510215
949.498820	0.509027
948.949560	0.510170
948.400250	0.510202
947.850900	0.507589
947.301490	0.504729
946.752030	0.506861
946.202530	0.507052
945.652970	0.506185
945.103360	0.506467
944.553700	0.506831
944.003990	0.504695
943.454230	0.507123
942.904420	0.502254
942.354560	0.506651
941.804650	0.505201
941.254690	0.500879
940.704670	0.503763
940.154610	0.499721
939.604500	0.505200
939.054340	0.503560
938.504120	0.503182
937.953860	0.499058
937.403550	0.499814
936.853190	0.495709
936.302770	0.499111
935.752310	0.499586
935.201790	0.497586
934.651230	0.500183
934.100620	0.496903
933.549950	0.497243
932.999240	0.499028
932.448480	0.497106
931.897660	0.495163
931.346800	0.496533
930.795880	0.493999
930.244920	0.497924
929.693910	0.492516
929.142840	0.497803
928.591730	0.495618
928.040570	0.490440
927.489350	0.492553
926.938090	0.487933
926.386780	0.493431
925.835420	0.491831
925.284010	0.495838
924.732540	0.489062
924.181030	0.493378
923.629470	0.491231
923.077860	0.490316
922.526200	0.486867
921.974490	0.490539
921.422730	0.492015
920.870920	0.488330
920.319060	0.488775
919.767150	0.487876
919.215190	0.485200
918.663190	0.490016
918.111130	0.490139
917.559020	0.486978
917.006870	0.487764
916.454660	0.487010
915.902400	0.484577
915.350100	0.482409
914.797750	0.484269
914.245340	0.485891
913.692890	0.479041
913.140390	0.485641
912.587840	0.476143
912.035240	0.476370
911.482590	0.476680
910.929890	0.475223
910.377140	0.477224
909.824340	0.475419
909.271490	0.474956
908.718600	0.476621
908.165650	0.480362
907.612660	0.475745
907.059620	0.475181
906.506520	0.477610
905.953380	0.473281
905.400190	0.477666
904.846950	0.473890
904.293660	0.471241
903.740320	0.469681
903.186940	0.475674
902.633500	0.475418
902.080020	0.473468
901.526480	0.470066
900.972900	0.467360
900.419270	0.468931
899.865590	0.469418
899.311860	0.469744
898.758080	0.471891
898.204250	0.474907
897.650380	0.472534
897.096450	0.473685
896.542480	0.469562
895.988460	0.471343
895.434390	0.467588
894.880270	0.470464
894.326100	0.467142
893.771880	0.472106
893.217620	0.472954
892.663300	0.469532
892.108940	0.471280
891.554530	0.470853
891.000070	0.471724
890.445560	0.471122
889.891000	0.469877
889.336400	0.474988
888.781740	0.469975
888.227040	0.472370
887.672290	0.470727
887.117490	0.468349
886.562640	0.469461
886.007740	0.469596
885.452800	0.473901
884.897810	0.471400
884.342770	0.468400
883.787680	0.471866
883.232540	0.468419
882.677350	0.468029
882.122120	0.470085
881.566830	0.467461
881.011500	0.468868
880.456120	0.465976
879.900690	0.465606
879.345220	0.464707
878.789700	0.463790
878.234120	0.467863
877.678500	0.465229
877.122830	0.465391
876.567120	0.462332
876.011350	0.463168
875.455540	0.463806
874.899680	0.462108
874.343770	0.461167
873.787820	0.462375
873.231810	0.463818
872.675760	0.465894
872.119660	0.459787
871.563510	0.464082
871.007310	0.464532
870.451070	0.462568
869.894780	0.464694
869.338440	0.468193
868.782050	0.466051
868.225610	0.462845
867.669130	0.464750
867.112600	0.464486
866.556020	0.466706
865.999390	0.465426
865.442720	0.465522
864.886000	0.464626
864.329230	0.463986
863.772410	0.465727
863.215550	0.464902
862.658630	0.466400
862.101670	0.463211
861.544670	0.464298
860.987610	0.466802
860.430510	0.464140
859.873360	0.463624
859.316160	0.462811
858.758920	0.463199
858.201620	0.463959
857.644280	0.461756
857.086900	0.460291
856.529460	0.463652
855.971980	0.459965
855.414450	0.461298
854.856870	0.459367
854.299250	0.461029
853.741580	0.462251
853.183860	0.461192
852.626090	0.462105
852.068280	0.456074
851.510420	0.457063
850.952510	0.457604
850.394550	0.459826
849.836550	0.459446
849.278500	0.457418
848.720410	0.456235
848.162260	0.457202
847.604070	0.454981
847.045830	0.455378
846.487550	0.453614
845.929220	0.453166
845.370840	0.453044
844.812410	0.452788
844.253940	0.450548
843.695420	0.450441
843.136850	0.448818
842.578240	0.450186
842.019580	0.451769
841.460870	0.451085
840.902120	0.452541
840.343310	0.451676
839.784470	0.447762
839.225570	0.451054
838.666630	0.447853
838.107640	0.446532
837.548610	0.446581
836.989520	0.446070
836.430390	0.442725
835.871220	0.447135
835.312000	0.443225
834.752730	0.443203
834.193410	0.441163
833.634050	0.440258
833.074640	0.439031
832.515190	0.436576
831.955680	0.439423
831.396140	0.438108
830.836540	0.437239
830.276900	0.434366
829.717210	0.434593
829.157480	0.433943
828.597700	0.430400
828.037870	0.432196
827.478000	0.432031
826.918080	0.430240
826.358110	0.429970
825.798100	0.426482
825.238040	0.428791
824.677930	0.428462
824.117780	0.424107
823.557580	0.424694
822.997340	0.423742
822.437050	0.420988
821.876710	0.421590
821.316330	0.421257
820.755900	0.421381
820.195420	0.418862
819.634900	0.417248
819.074330	0.417381
818.513720	0.414232
817.953060	0.415066
817.392350	0.414209
816.831600	0.410741
816.270800	0.411619
815.709960	0.411047
815.149070	0.407361
814.588130	0.409105
814.027150	0.406050
813.466120	0.408435
812.905050	0.405467
812.343930	0.405940
811.782770	0.404054
811.221550	0.401080
810.660300	0.400334
810.098990	0.401261
809.537650	0.396952
808.976250	0.398872
808.414810	0.394822
807.853320	0.394552
807.291790	0.392596
806.730210	0.393829
806.168590	0.392336
805.606920	0.390957
805.045210	0.389714
804.483450	0.388305
803.921640	0.387546
803.359790	0.388261
802.797890	0.387866
802.235950	0.383862
801.673960	0.384749
801.111930	0.381760
800.549850	0.385038
799.987720	0.382820
799.425550	0.380680
798.863340	0.379071
798.301080	0.376361
797.738770	0.376105
797.176420	0.374819
796.614020	0.377570
796.051580	0.374900
795.489090	0.375782
794.926560	0.373010
794.363980	0.373581
793.801350	0.372317
793.238690	0.369930
792.675970	0.367229
792.113210	0.370783
791.550410	0.366541
790.987560	0.369760
790.424660	0.368064
789.861720	0.368484
789.298740	0.365519
788.735710	0.364879
788.172630	0.365100
787.609510	0.365194
787.046340	0.363354
786.483130	0.364335
785.919880	0.362607
785.356580	0.364098
784.793230	0.361155
784.229840	0.363161
783.666410	0.360780
783.102920	0.360579
782.539400	0.361788
781.975830	0.360197
781.412210	0.358444
780.848550	0.358170
780.284850	0.359338
779.721100	0.360400
779.157310	0.359081
778.593470	0.357531
778.029580	0.357274
777.465650	0.358021
776.901680	0.357902
776.337660	0.356868
775.773600	0.355532
775.209490	0.355430
774.645340	0.355434
774.081140	0.354359
773.516900	0.352773
772.952620	0.353658
772.388290	0.353861
771.823910	0.353219
771.259490	0.351292
770.695030	0.350582
770.130520	0.351031
769.565970	0.349416
769.001370	0.350536
768.436730	0.348681
767.872040	0.348906
767.307310	0.347450
766.742540	0.345683
766.177720	0.347156
765.612860	0.344375
765.047950	0.344197
764.483000	0.343321
763.918000	0.343290
763.352960	0.341876
762.787880	0.340072
762.222750	0.341018
761.657570	0.339193
761.092360	0.338930
760.527090	0.336795
759.961790	0.334945
759.396440	0.333252
758.831050	0.332689
758.265610	0.332143
757.700130	0.331601
757.134600	0.329352
756.569030	0.328842
756.003420	0.328667
755.437760	0.326473
754.872060	0.326085
754.306310	0.323876
753.740520	0.323290
753.174690	0.321295
752.608810	0.319240
752.042890	0.318313
751.476920	0.316311
750.910910	0.314820
750.344860	0.314347
749.778760	0.312040
749.212620	0.310711
748.646440	0.308951
748.080210	0.306315
747.513940	0.304842
746.947620	0.304049
746.381260	0.304678
745.814860	0.302136
745.248410	0.298557
744.681920	0.296620
744.115390	0.295637
743.548810	0.294591
742.982190	0.293659
742.415530	0.290520
741.848820	0.289768
741.282070	0.288975
740.715270	0.286702
740.148430	0.285434
739.581550	0.284209
739.014630	0.284075
738.447660	0.281087
737.880650	0.279612
737.313590	0.278620
736.746490	0.277787
736.179350	0.276067
735.612160	0.275735
735.044940	0.273318
734.477660	0.271815
733.910350	0.272060
733.342990	0.271302
732.775590	0.270267
732.208140	0.268724
731.640650	0.267732
731.073120	0.267228
730.505550	0.268157
729.937930	0.266652
729.370270	0.264670
728.802570	0.265681
728.234820	0.264261
727.667030	0.263812
727.099200	0.263916
726.531320	0.264419
725.963400	0.262528
725.395440	0.264008
724.827440	0.263078
724.259390	0.263567
723.691300	0.261788
723.123160	0.261793
722.554990	0.262752
721.986770	0.262912
721.418500	0.262813
720.850200	0.262114
720.281850	0.261746
719.713460	0.262425
719.145030	0.262149
718.576550	0.263994
718.008030	0.263576
717.439470	0.263037
716.870870	0.264357
716.302220	0.262501
715.733530	0.262517
715.164800	0.262436
714.596020	0.262961
714.027200	0.263024
713.458340	0.263533
712.889440	0.263458
712.320500	0.262888
711.751510	0.263216
711.182480	0.263273
710.613410	0.263533
710.044290	0.262257
709.475130	0.263371
708.905930	0.262699
708.336690	0.261282
707.767410	0.260577
707.198080	0.260965
706.628710	0.261696
706.059300	0.260966
705.489840	0.259569
704.920350	0.260787
704.350810	0.259689
703.781230	0.259520
703.211600	0.258665
702.641940	0.257543
702.072230	0.257355
701.502480	0.256751
700.932690	0.257103
700.362850	0.256050
699.792980	0.254636
699.223060	0.254641
698.653100	0.253886
698.083100	0.253177
697.513050	0.252937
696.942960	0.252059
696.372840	0.251552
695.802660	0.250774
695.232450	0.251293
694.662200	0.250386
694.091900	0.248651
693.521560	0.248066
692.951180	0.246632
692.380760	0.245387
691.810300	0.243977
691.239790	0.244737
690.669240	0.244149
690.098650	0.241559
689.528020	0.242110
688.957350	0.240753
688.386630	0.239688
687.815880	0.237508
687.245080	0.236534
686.674240	0.236244
686.103360	0.234766
685.532430	0.234026
684.961470	0.232280
684.390460	0.230472
683.819420	0.230721
683.248330	0.227930
682.677190	0.227993
682.106020	0.226157
681.534810	0.224670
680.963550	0.222962
680.392250	0.222240
679.820920	0.219396
679.249540	0.218181
678.678110	0.217382
678.106650	0.215112
677.535150	0.213759
676.963600	0.211596
676.392010	0.209911
675.820390	0.208389
675.248720	0.206807
674.677010	0.204483
674.105250	0.203388
673.533460	0.201565
672.961630	0.199948
672.389750	0.198149
671.817830	0.197409
671.245870	0.195142
670.673870	0.192467
670.101830	0.190747
669.529750	0.189766
668.957630	0.189166
668.385470	0.186702
667.813260	0.184155
667.241020	0.182229
666.668730	0.181528
666.096400	0.178428
665.524030	0.178719
664.951620	0.175729
664.379170	0.174515
663.806680	0.172434
663.234150	0.170651
662.661570	0.168661
662.088960	0.167406
661.516300	0.166181
660.943610	0.165446
660.370870	0.164216
659.798090	0.162121
659.225270	0.161257
658.652410	0.160062
658.079510	0.159355
657.506570	0.157967
656.933590	0.156763
656.360570	0.155032
655.787510	0.155004
655.214400	0.154163
654.641260	0.153331
654.068080	0.152048
653.494850	0.151836
652.921580	0.151634
652.348280	0.150802
651.774930	0.149905
651.201540	0.148670
650.628120	0.148547
650.054650	0.147260
649.481140	0.147132
648.907590	0.146134
648.334000	0.146564
647.760370	0.145531
647.186700	0.144903
646.612990	0.144386
646.039240	0.143542
645.465450	0.143668
644.891620	0.144189
644.317740	0.143969
643.743830	0.143504
643.169880	0.143711
642.595890	0.143557
642.021850	0.142980
641.447780	0.143119
640.873670	0.143808
640.299510	0.143802
639.725320	0.144516
639.151090	0.143552
638.576810	0.144452
638.002500	0.143448
637.428150	0.144040
636.853750	0.143983
636.279320	0.143010
635.704840	0.143791
635.130330	0.143712
634.555780	0.144501
633.981180	0.144546
633.406550	0.143683
632.831880	0.143985
632.257160	0.143572
631.682410	0.143878
631.107620	0.145117
630.532780	0.143909
629.957910	0.144870
629.383000	0.144242
628.808040	0.145391
628.233050	0.144658
627.658020	0.144755
627.082950	0.144993
626.507840	0.144855
625.932690	0.145413
625.357500	0.145804
624.782270	0.145845
624.207000	0.146697
623.631690	0.146781
623.056340	0.146497
622.480950	0.146970
621.905520	0.147507
621.330050	0.148396
620.754550	0.148760
620.179000	0.148851
619.603410	0.149527
619.027790	0.150709
618.452120	0.150581
617.876420	0.151446
617.300680	0.152400
616.724890	0.152426
616.149070	0.154192
615.573210	0.154418
614.997310	0.156684
614.421370	0.157489
613.845390	0.158726
613.269370	0.160519
612.693310	0.160716
612.117210	0.163255
611.541080	0.163420
610.964900	0.164882
610.388690	0.167370
609.812430	0.168666
609.236140	0.171028
608.659810	0.173319
608.083430	0.174420
607.507020	0.177044
606.930570	0.178412
606.354090	0.180989
605.777560	0.183957
605.200990	0.186841
604.624390	0.188298
604.047740	0.190630
603.471060	0.193042
602.894340	0.195829
602.317580	0.198494
601.740780	0.201664
601.163940	0.203513
600.587060	0.207661
600.010140	0.210878
599.433190	0.213165
598.856190	0.216135
598.279160	0.220100
597.702090	0.221774
597.124980	0.225786
596.547830	0.228569
595.970640	0.232086
595.393420	0.236188
594.816150	0.239833
594.238850	0.242991
593.661500	0.245976
593.084120	0.248946
592.506700	0.253420
591.929250	0.255913
591.351750	0.259225
590.774210	0.262439
590.196640	0.266360
589.619030	0.268619
589.041380	0.272144
588.463690	0.275657
587.885960	0.278738
587.308200	0.281087
586.730390	0.284569
586.152550	0.286569
585.574670	0.290171
584.996750	0.293344
584.418790	0.296430
583.840800	0.298645
583.262760	0.301238
582.684690	0.304105
582.106580	0.305043
581.528430	0.308109
580.950250	0.310166
580.372020	0.312755
579.793760	0.314995
579.215460	0.316316
578.637120	0.319301
578.058740	0.320732
577.480320	0.322902
576.901870	0.324127
576.323380	0.326383
575.744850	0.328431
575.166280	0.328967
574.587670	0.331402
574.009030	0.333224
573.430350	0.333358
572.851630	0.336647
572.272870	0.337983
571.694080	0.340229
571.115240	0.340849
570.536370	0.342286
569.957460	0.343173
569.378520	0.345608
568.799530	0.346885
568.220510	0.347378
567.641450	0.347987
567.062350	0.349821
566.483220	0.351540
565.904040	0.353092
565.324830	0.353081
564.745580	0.353904
564.166300	0.355913
563.586970	0.356852
563.007610	0.357769
562.428210	0.357532
561.848780	0.360058
561.269300	0.360697
560.689790	0.361620
560.110240	0.362913
559.530660	0.364043
558.951030	0.365056
558.371370	0.364274
557.791670	0.365873
557.211940	0.367137
556.632160	0.366563
556.052350	0.368894
555.472500	0.368325
554.892620	0.370120
554.312690	0.369787
553.732730	0.370436
553.152740	0.371115
552.572700	0.371842
551.992630	0.371458
551.412520	0.371313
550.832370	0.373074
550.252190	0.372035
549.671970	0.373366
549.091710	0.374275
548.511410	0.373542
547.931080	0.374609
547.350710	0.372841
546.770310	0.374239
546.189860	0.374127
545.609380	0.374421
545.028860	0.375408
544.448310	0.375502
543.867720	0.374220
543.287090	0.375168
542.706420	0.374619
542.125720	0.375592
541.544980	0.375541
540.964210	0.374790
540.383390	0.373759
539.802540	0.373595
539.221660	0.373651
538.640730	0.373682
538.059770	0.373659
537.478780	0.374156
536.897740	0.372571
536.316670	0.372329
535.735560	0.369825
535.154420	0.371166
534.573240	0.371549
533.992020	0.369929
533.410770	0.368750
532.829480	0.370146
532.248150	0.367866
531.666790	0.368472
531.085390	0.366747
530.503950	0.365878
529.922480	0.365766
529.340970	0.365299
528.759420	0.363852
528.177840	0.363308
527.596220	0.361753
527.014560	0.360881
526.432870	0.360462
525.851140	0.359598
525.269380	0.359949
524.687580	0.357336
524.105740	0.356608
523.523860	0.354061
522.941950	0.353258
522.360010	0.354728
521.778030	0.351834
521.196010	0.351708
520.613950	0.350087
520.031860	0.349169
519.449730	0.345763
518.867570	0.344796
518.285370	0.345678
517.703130	0.342539
517.120860	0.343493
516.538550	0.340707
515.956210	0.339127
515.373830	0.336498
514.791410	0.336151
514.208960	0.334717
513.626470	0.332637
513.043950	0.330186
512.461390	0.331046
511.878790	0.328410
511.296160	0.327519
510.713490	0.324234
510.130790	0.324103
509.548050	0.322201
508.965270	0.319013
508.382460	0.317934
507.799620	0.315687
507.216730	0.315903
506.633820	0.312474
506.050860	0.311746
505.467870	0.307800
504.884850	0.306371
504.301780	0.305488
503.718690	0.302602
503.135550	0.300964
502.552390	0.299066
501.969180	0.297720
501.385940	0.295549
500.802670	0.292567
500.219360	0.288638
499.636010	0.288132
499.052630	0.285929
498.469210	0.284976
497.885760	0.279443
497.302270	0.278566
496.718750	0.276366
496.135190	0.272732
495.551590	0.271961
494.967960	0.267301
494.384300	0.265054
493.800600	0.262674
493.216860	0.259286
492.633090	0.257829
492.049290	0.254987
491.465440	0.251351
490.881570	0.249403
490.297650	0.245741
489.713710	0.243387
489.129720	0.240249
488.545710	0.237066
487.961650	0.236266
487.377570	0.232091
486.793440	0.229661
486.209290	0.226324
485.625090	0.223184
485.040860	0.220556
484.456600	0.217046
483.872300	0.213659
483.287970	0.211849
482.703600	0.208034
482.119200	0.205146
481.534760	0.202091
480.950290	0.197386
480.365780	0.196156
479.781230	0.191887
479.196660	0.188120
478.612040	0.186141
478.027400	0.182459
477.442710	0.179686
476.858000	0.175239
476.273240	0.171968
475.688460	0.169587
475.103640	0.165150
474.518780	0.161810
473.933890	0.159380
473.348960	0.155778
472.764000	0.152139
472.179010	0.149258
471.593980	0.144086
471.008920	0.142651
470.423820	0.138140
469.838680	0.135793
469.253520	0.132013
468.668310	0.129060
468.083080	0.124983
467.497810	0.121816
466.912500	0.119577
466.327160	0.116495
465.741790	0.112795
465.156380	0.109753
464.570930	0.106206
463.985460	0.103820
463.399940	0.101448
462.814400	0.097817
462.228820	0.095585
461.643200	0.092719
461.057550	0.089007
460.471870	0.086294
459.886150	0.083457
459.300400	0.080554
458.714610	0.078290
458.128790	0.075380
457.542940	0.072418
456.957050	0.069828
456.371130	0.067043
455.785170	0.064809
455.199180	0.062286
454.613150	0.059517
454.027090	0.057932
453.441000	0.055055
452.854870	0.053293
452.268710	0.051056
451.682520	0.048331
451.096290	0.047262
450.510020	0.045039
449.923730	0.042708
449.337400	0.041240
448.751030	0.038935
448.164630	0.037371
447.578200	0.035543
446.991730	0.034163
446.405230	0.032605
445.818700	0.030426
445.232130	0.029761
444.645530	0.027813
444.058900	0.026583
443.472230	0.025753
442.885530	0.024130
442.298790	0.023232
441.712020	0.021192
441.125220	0.020802
440.538380	0.019042
439.951510	0.018185
439.364600	0.017238
438.777670	0.015852
438.190690	0.015022
437.603690	0.014319
437.016650	0.013573
436.429580	0.012843
435.842470	0.011704
435.255330	0.011592
434.668160	0.010924
434.080960	0.010150
433.493720	0.009453
432.906450	0.008820
432.319140	0.008530
431.731800	0.008118
431.144430	0.007386
430.557020	0.007242
429.969580	0.006591
429.382110	0.006608
428.794610	0.006020
428.207070	0.005495
427.619500	0.005574
427.031890	0.005066
426.444250	0.004828
425.856580	0.004498
425.268880	0.004306
424.681140	0.003933
424.093370	0.003865
423.505570	0.003611
422.917730	0.003654
422.329860	0.003409
421.741960	0.002992
421.154020	0.003232
420.566050	0.002582
419.978050	0.002864
419.390020	0.002565
418.801950	0.002777
418.213850	0.002613
417.625710	0.002213
417.037550	0.002363
416.449350	0.002215
415.861120	0.001904
415.272850	0.001995
414.684560	0.001702
414.096230	0.002194
413.507860	0.001912
412.919470	0.002204
412.331040	0.002068
411.742580	0.001822
411.154080	0.002069
410.565560	0.001795
409.977000	0.001993
409.388410	0.001569
408.799780	0.001727
408.211130	0.001772
407.622440	0.001871
407.033720	0.001816
406.444960	0.001843
405.856180	0.001463
405.267360	0.001722
404.678500	0.001911
404.089620	0.001853
403.500700	0.001865
402.911760	0.001742
402.322770	0.001766
401.733760	0.001978
401.144710	0.002041
400.555640	0.001796
399.966530	0.001962
399.377380	0.001989
398.788210	0.001507
398.199000	0.001900
397.609760	0.001720
397.020490	0.001845
396.431180	0.002265
395.841850	0.002182
395.252480	0.001678
394.663080	0.002039
394.073650	0.002141
393.484180	0.001950
392.894690	0.002257
392.305160	0.002061
391.715600	0.001642
391.126000	0.002022
390.536380	0.002107
389.946720	0.001843
389.357030	0.002010
388.767310	0.001688
388.177560	0.002068
387.587770	0.001919
386.997960	0.002848
386.408110	0.002424
385.818230	0.002100
385.228320	0.002261
384.638370	0.002234
384.048400	0.002243
383.458390	0.002461
382.868350	0.002293
382.278280	0.002057
381.688180	0.002298
381.098040	0.002421
380.507880	0.002009
379.917680	0.002618
379.327450	0.002504
378.737190	0.002224
378.146900	0.002210
377.556570	0.002225
376.966220	0.002463
376.375830	0.002476
375.785410	0.002952
375.194960	0.002658
374.604480	0.002788
374.013970	0.003037
373.423420	0.002765
372.832850	0.002343
372.242240	0.002744
371.651600	0.002848
371.060930	0.002873
370.470230	0.002565
369.879490	0.002623
369.288730	0.002793
368.697930	0.002289
368.107110	0.002617
367.516250	0.002389
366.925360	0.002463
366.334440	0.002739
365.743490	0.003180
365.152510	0.003284
364.561490	0.002707
363.970450	0.003109
363.379370	0.002882
362.788260	0.002942
362.197120	0.003316
361.605950	0.002777
361.014750	0.002879
360.423520	0.002897
359.832260	0.002905
359.240970	0.003072
358.649640	0.002500
358.058290	0.003683
357.466900	0.002691
356.875480	0.002621
356.284030	0.003056
355.692550	0.002949
355.101040	0.003381
354.509500	0.003054
353.917930	0.003248
353.326330	0.003181
352.734700	0.002854
352.143030	0.003551
351.551340	0.003386
350.959610	0.004037
350.367850	0.003826
349.776070	0.003513
349.184250	0.003798
348.592400	0.003666
348.000520	0.004129
347.408610	0.003705
346.816670	0.003627
346.224700	0.003617
345.632700	0.003832
345.040670	0.003397
344.448610	0.004680
343.856510	0.004400
343.264390	0.004121
342.672240	0.003880
342.080050	0.004021
341.487840	0.004851
340.895590	0.003777
340.303320	0.004599
339.711010	0.003890
339.118680	0.004435
338.526310	0.004590
337.933910	0.004342
337.341480	0.004468
336.749030	0.004397
336.156540	0.004605
335.564020	0.004204
334.971470	0.004842
334.378900	0.004167
333.786290	0.003755
333.193650	0.004393
332.600980	0.004333
332.008280	0.004292
331.415550	0.003687
330.822790	0.004736
330.230000	0.003827
329.637180	0.004526
